0.00	0.000000
0.01	1.227741
0.02	4.857939
0.03	10.855216
0.04	19.163482
0.05	29.707645
0.06	42.395710
0.07	57.121121
0.08	73.765033
0.09	92.198024
0.10	112.280917
0.11	133.866280
0.12	156.796464
0.13	180.892604
0.14	205.965764
0.15	231.837259
0.16	258.352619
0.17	285.346915
0.18	312.673272
0.19	340.163523
0.20	367.672901
0.21	395.067965
0.22	422.225401
0.23	449.040533
0.24	475.414463
0.25	501.251001
0.26	526.467476
0.27	550.999948
0.28	574.788781
0.29	597.776623
0.30	619.915928
0.31	641.163900
0.32	661.482258
0.33	680.839038
0.34	699.206528
0.35	716.561903
0.36	732.887208
0.37	748.166685
0.38	762.387927
0.39	775.541011
0.40	787.616255
0.41	798.607059
0.42	808.505659
0.43	817.307206
0.44	825.007239
0.45	831.601768
0.46	837.086799
0.47	841.460555
0.48	844.719989
0.49	846.861261
0.50	847.880220
0.51	847.773642
0.52	846.537504
0.53	844.171001
0.54	840.675107
0.55	836.051138
0.56	830.296240
0.57	823.408897
0.58	815.389886
0.59	806.241757
0.60	795.969878
0.61	784.581200
0.62	772.082846
0.63	758.484642
0.64	743.798403
0.65	728.039293
0.66	711.225698
0.67	693.380715
0.68	674.530576
0.69	654.706151
0.70	633.943198
0.71	612.284713
0.72	589.778166
0.73	566.475494
0.74	542.433103
0.75	517.717966
0.76	492.408840
0.77	466.586742
0.78	440.334632
0.79	413.752516
0.80	386.965352
0.81	360.108489
0.82	333.309581
0.83	306.699596
0.84	280.421081
0.85	254.620832
0.86	229.449871
0.87	205.059973
0.88	181.618212
0.89	159.287187
0.90	138.238845
0.91	118.647177
0.92	100.674531
0.93	84.457703
0.94	70.118578
0.95	57.768035
0.96	47.506646
0.97	39.420414
0.98	33.573203
0.99	30.009416
1.00	28.753131
