0.00	0.000000
0.01	1.232468
0.02	4.886776
0.03	10.938371
0.04	19.340213
0.05	30.023767
0.06	42.900438
0.07	57.863340
0.08	74.788728
0.09	93.535396
0.10	113.954796
0.11	135.890096
0.12	159.183006
0.13	183.668675
0.14	209.172374
0.15	235.528616
0.16	262.566129
0.17	290.118192
0.18	318.029682
0.19	346.137698
0.20	374.302633
0.21	402.397468
0.22	430.285557
0.23	457.820537
0.24	484.894245
0.25	511.414585
0.26	537.295582
0.27	562.459698
0.28	586.843726
0.29	610.395008
0.30	633.065818
0.31	654.814333
0.32	675.602447
0.33	695.399001
0.34	714.175944
0.35	731.909761
0.36	748.579888
0.37	764.168954
0.38	778.663898
0.39	792.053781
0.40	804.332659
0.41	815.495623
0.42	825.540895
0.43	834.467222
0.44	842.274648
0.45	848.962962
0.46	854.530835
0.47	858.979294
0.48	862.307282
0.49	864.514406
0.50	865.602238
0.51	865.572160
0.52	864.423062
0.53	862.152943
0.54	858.758866
0.55	854.237301
0.56	848.588344
0.57	841.810492
0.58	833.903511
0.59	824.868865
0.60	814.708121
0.61	803.424026
0.62	791.021976
0.63	777.508602
0.64	762.893054
0.65	747.186682
0.66	730.403295
0.67	712.561489
0.68	693.685967
0.69	673.803637
0.70	652.943371
0.71	631.142462
0.72	608.445573
0.73	584.903637
0.74	560.578164
0.75	535.534172
0.76	509.847352
0.77	483.601876
0.78	456.889480
0.79	429.811272
0.80	402.476070
0.81	375.006058
0.82	347.537631
0.83	320.211123
0.84	293.175001
0.85	266.600562
0.86	240.670954
0.87	215.572226
0.88	191.486068
0.89	168.580961
0.90	147.016925
0.91	126.953547
0.92	108.541363
0.93	91.942691
0.94	77.296268
0.95	64.695319
0.96	54.223811
0.97	45.955562
0.98	39.951776
0.99	36.258407
1.00	34.904108
