0.00	0.000000
0.01	1.231479
0.02	4.870671
0.03	10.876212
0.04	19.185798
0.05	29.717988
0.06	42.374231
0.07	57.039341
0.08	73.589364
0.09	91.891066
0.10	111.802435
0.11	133.180697
0.12	155.871418
0.13	179.713974
0.14	204.533103
0.15	230.152274
0.16	256.405154
0.17	283.130836
0.18	310.162112
0.19	337.312287
0.20	364.407646
0.21	391.330538
0.22	417.980910
0.23	444.261863
0.24	470.090993
0.25	495.387984
0.26	520.080671
0.27	544.104823
0.28	567.407464
0.29	589.939562
0.30	611.660684
0.31	632.530347
0.32	652.516523
0.33	671.591573
0.34	689.731431
0.35	706.913259
0.36	723.116440
0.37	738.323166
0.38	752.516714
0.39	765.683977
0.40	777.813707
0.41	788.894957
0.42	798.919017
0.43	807.876526
0.44	815.758346
0.45	822.557171
0.46	828.265815
0.47	832.878743
0.48	836.391394
0.49	838.797704
0.50	840.091114
0.51	840.265971
0.52	839.315793
0.53	837.235614
0.54	834.021678
0.55	829.674847
0.56	824.195786
0.57	817.585131
0.58	809.846434
0.59	800.986239
0.60	791.014389
0.61	779.941003
0.62	767.778798
0.63	754.541579
0.64	740.247676
0.65	724.916590
0.66	708.570958
0.67	691.238381
0.68	672.948643
0.69	653.735146
0.70	633.633305
0.71	612.684119
0.72	590.932185
0.73	568.429163
0.74	545.228640
0.75	521.390440
0.76	496.992157
0.77	472.105783
0.78	446.804070
0.79	421.173494
0.80	395.317149
0.81	369.347214
0.82	343.374215
0.83	317.539235
0.84	291.993886
0.85	266.871117
0.86	242.332938
0.87	218.555270
0.88	195.702673
0.89	173.959805
0.90	153.486401
0.91	134.432961
0.92	116.953354
0.93	101.187786
0.94	87.263238
0.95	75.293953
0.96	65.376238
0.97	57.590172
0.98	51.998551
0.99	48.645806
1.00	47.557204
