0.00	0.000000
0.01	1.147012
0.02	4.543167
0.03	10.164164
0.04	17.968451
0.05	27.898703
0.06	39.883704
0.07	53.827858
0.08	69.613206
0.09	87.107424
0.10	106.182193
0.11	126.701393
0.12	148.527491
0.13	171.499192
0.14	195.456093
0.15	220.247357
0.16	245.716843
0.17	271.690440
0.18	298.010546
0.19	324.525251
0.20	351.106417
0.21	377.633997
0.22	403.995642
0.23	430.090099
0.24	455.819768
0.25	481.102649
0.26	505.865569
0.27	530.036592
0.28	553.547436
0.29	576.338912
0.30	598.355256
0.31	619.546785
0.32	639.867990
0.33	659.280911
0.34	677.752184
0.35	695.249345
0.36	711.742651
0.37	727.211229
0.38	741.634925
0.39	754.997806
0.40	767.286210
0.41	778.487150
0.42	788.589311
0.43	797.582183
0.44	805.454729
0.45	812.197951
0.46	817.805939
0.47	822.271965
0.48	825.589325
0.49	827.753405
0.50	828.758848
0.51	828.602589
0.52	827.284472
0.53	824.805179
0.54	821.164988
0.55	816.365192
0.56	810.407235
0.57	803.292997
0.58	795.026813
0.59	785.616019
0.60	775.069303
0.61	763.398195
0.62	750.616096
0.63	736.741802
0.64	721.793995
0.65	705.792412
0.66	688.759618
0.67	670.721085
0.68	651.708728
0.69	631.762592
0.70	610.919632
0.71	589.222813
0.72	566.721765
0.73	543.471664
0.74	519.532386
0.75	494.972320
0.76	469.873016
0.77	444.313644
0.78	418.375468
0.79	392.151199
0.80	365.742504
0.81	339.267925
0.82	312.869204
0.83	286.680267
0.84	260.842450
0.85	235.503065
0.86	210.819382
0.87	186.955607
0.88	164.077628
0.89	142.352533
0.90	121.934114
0.91	102.968946
0.92	85.593772
0.93	69.936204
0.94	56.122771
0.95	44.253768
0.96	34.412295
0.97	26.673240
0.98	21.103298
0.99	17.744074
1.00	16.613218
