0.00	0.000000
0.01	1.153274
0.02	4.565413
0.03	10.209538
0.04	18.039955
0.05	27.991984
0.06	39.983286
0.07	53.912410
0.08	69.654892
0.09	87.071116
0.10	106.024898
0.11	126.378582
0.12	147.990987
0.13	170.720533
0.14	194.407111
0.15	218.892338
0.16	244.028786
0.17	269.660768
0.18	295.644964
0.19	321.832490
0.20	348.099442
0.21	374.331370
0.22	400.416770
0.23	426.249359
0.24	451.722975
0.25	476.745511
0.26	501.237672
0.27	525.127165
0.28	548.350021
0.29	570.847973
0.30	592.568176
0.31	613.468084
0.32	633.511399
0.33	652.663715
0.34	670.894711
0.35	688.178106
0.36	704.491088
0.37	719.812954
0.38	734.125940
0.39	747.413801
0.40	759.663017
0.41	770.861106
0.42	780.996378
0.43	790.061463
0.44	798.047376
0.45	804.946419
0.46	810.751067
0.47	815.453444
0.48	819.047273
0.49	821.526385
0.50	822.884543
0.51	823.117634
0.52	822.226515
0.53	820.209264
0.54	817.063794
0.55	812.788866
0.56	807.383278
0.57	800.846046
0.58	793.178086
0.59	784.381539
0.60	774.459023
0.61	763.415885
0.62	751.261756
0.63	738.005918
0.64	723.661490
0.65	708.244736
0.66	691.772093
0.67	674.267628
0.68	655.759296
0.69	636.277885
0.70	615.860853
0.71	594.550749
0.72	572.398428
0.73	549.462929
0.74	525.808169
0.75	501.508991
0.76	476.638232
0.77	451.276969
0.78	425.513082
0.79	399.444161
0.80	373.168925
0.81	346.801322
0.82	320.478418
0.83	294.357390
0.84	268.569834
0.85	243.267730
0.86	218.620942
0.87	194.798576
0.88	171.940509
0.89	150.195909
0.90	129.720811
0.91	110.652736
0.92	93.132998
0.93	77.304128
0.94	63.294348
0.95	51.231138
0.96	41.215838
0.97	33.323601
0.98	27.618470
0.99	24.138388
1.00	22.906056
