0.00	0.000000
0.01	1.159523
0.02	4.584247
0.03	10.238016
0.04	18.065917
0.05	27.996260
0.06	39.943047
0.07	53.808737
0.08	69.487034
0.09	86.862725
0.10	105.805914
0.11	126.186109
0.12	147.843446
0.13	170.594960
0.14	194.289345
0.15	218.755182
0.16	243.823952
0.17	269.346808
0.18	295.172426
0.19	321.150017
0.20	347.147985
0.21	373.043074
0.22	398.725699
0.23	424.101340
0.24	449.075902
0.25	473.570020
0.26	497.515626
0.27	520.854491
0.28	543.533555
0.29	565.499338
0.30	586.711187
0.31	607.134235
0.32	626.730647
0.33	645.462625
0.34	663.299254
0.35	680.213649
0.36	696.182382
0.37	711.184603
0.38	725.200165
0.39	738.209614
0.40	750.194421
0.41	761.140168
0.42	771.033386
0.43	779.859258
0.44	787.603626
0.45	794.253396
0.46	799.800798
0.47	804.237679
0.48	807.556475
0.49	809.750761
0.50	810.814174
0.51	810.744098
0.52	809.539630
0.53	807.197913
0.54	803.721307
0.55	799.111558
0.56	793.369427
0.57	786.501601
0.58	778.518268
0.59	769.428604
0.60	759.243783
0.61	747.977812
0.62	735.643445
0.63	722.259623
0.64	707.848172
0.65	692.432489
0.66	676.038531
0.67	658.695337
0.68	640.434479
0.69	621.289954
0.70	601.298962
0.71	580.503116
0.72	558.948064
0.73	536.685224
0.74	513.771047
0.75	490.266324
0.76	466.236173
0.77	441.754802
0.78	416.906798
0.79	391.783593
0.80	366.495653
0.81	341.163610
0.82	315.906798
0.83	290.836973
0.84	266.086547
0.85	241.805962
0.86	218.149737
0.87	195.260119
0.88	173.296006
0.89	152.415605
0.90	132.766902
0.91	114.505060
0.92	97.788502
0.93	82.765067
0.94	69.558977
0.95	58.275662
0.96	49.001859
0.97	41.806976
0.98	36.742671
0.99	33.842460
1.00	33.121481
