0.00	0.000000
0.01	1.089262
0.02	4.311975
0.03	9.643588
0.04	17.042706
0.05	26.451698
0.06	37.798067
0.07	50.999523
0.08	65.951644
0.09	82.535518
0.10	100.632227
0.11	120.101911
0.12	140.789286
0.13	162.566300
0.14	185.299294
0.15	208.840215
0.16	233.025075
0.17	257.713437
0.18	282.776505
0.19	308.081157
0.20	333.496359
0.21	358.896996
0.22	384.156615
0.23	409.171936
0.24	433.845812
0.25	458.092346
0.26	481.829822
0.27	504.981379
0.28	527.488246
0.29	549.290312
0.30	570.325582
0.31	590.553244
0.32	609.937055
0.33	628.445580
0.34	646.051284
0.35	662.728023
0.36	678.449890
0.37	693.194376
0.38	706.940603
0.39	719.669580
0.40	731.364217
0.41	742.008326
0.42	751.588667
0.43	760.095374
0.44	767.516960
0.45	773.841570
0.46	779.060152
0.47	783.166554
0.48	786.156225
0.49	788.025212
0.50	788.772043
0.51	788.396202
0.52	786.897865
0.53	784.277435
0.54	780.537725
0.55	775.685230
0.56	769.727320
0.57	762.673754
0.58	754.534882
0.59	745.321768
0.60	735.046549
0.61	723.723205
0.62	711.367411
0.63	697.994293
0.64	683.619763
0.65	668.259954
0.66	651.934996
0.67	634.667463
0.68	616.484896
0.69	597.410790
0.70	577.472149
0.71	556.700252
0.72	535.136942
0.73	512.833314
0.74	489.854700
0.75	466.272559
0.76	442.175456
0.77	417.659871
0.78	392.809072
0.79	367.721535
0.80	342.504081
0.81	317.277450
0.82	292.172215
0.83	267.313093
0.84	242.830764
0.85	218.875882
0.86	195.593295
0.87	173.131672
0.88	151.658086
0.89	131.319010
0.90	112.252112
0.91	94.581289
0.92	78.427182
0.93	63.914147
0.94	51.179668
0.95	40.332576
0.96	31.447802
0.97	24.593181
0.98	19.813566
0.99	17.139460
1.00	16.587351
