0.00	0.000000
0.01	1.218919
0.02	4.836278
0.03	10.831841
0.04	19.162454
0.05	29.762714
0.06	42.545407
0.07	57.399859
0.08	74.196909
0.09	92.797391
0.10	113.056580
0.11	134.818262
0.12	157.924654
0.13	182.209087
0.14	207.504763
0.15	233.655114
0.16	260.464619
0.17	287.746765
0.18	315.343058
0.19	343.112197
0.20	370.915035
0.21	398.617365
0.22	426.092705
0.23	453.231529
0.24	479.931164
0.25	506.098489
0.26	531.655155
0.27	556.534633
0.28	580.671601
0.29	604.016516
0.30	626.530156
0.31	648.175179
0.32	668.919460
0.33	688.737691
0.34	707.604368
0.35	725.496370
0.36	742.394507
0.37	758.281894
0.38	773.144581
0.39	786.971024
0.40	799.749113
0.41	811.464270
0.42	822.105467
0.43	831.662000
0.44	840.122686
0.45	847.477626
0.46	853.716451
0.47	858.826711
0.48	862.799167
0.49	865.625002
0.50	867.295355
0.51	867.802631
0.52	867.138086
0.53	865.297078
0.54	862.278161
0.55	858.075952
0.56	852.686860
0.57	846.108667
0.58	838.338367
0.59	829.377545
0.60	819.234587
0.61	807.922219
0.62	795.453551
0.63	781.845363
0.64	767.116239
0.65	751.288732
0.66	734.387830
0.67	716.441039
0.68	697.481503
0.69	677.549188
0.70	656.690391
0.71	634.951356
0.72	612.379597
0.73	589.029462
0.74	564.964906
0.75	540.259547
0.76	514.988374
0.77	489.228992
0.78	463.063308
0.79	436.582302
0.80	409.902305
0.81	383.139014
0.82	356.400408
0.83	329.813463
0.84	303.518872
0.85	277.661951
0.86	252.434472
0.87	228.013519
0.88	204.561017
0.89	182.231325
0.90	161.178935
0.91	141.541153
0.92	123.442201
0.93	107.011521
0.94	92.384695
0.95	79.676947
0.96	68.986716
0.97	60.396362
0.98	53.972628
0.99	49.764856
1.00	47.803624
