0.00	0.000000
0.01	1.188681
0.02	4.700928
0.03	10.500897
0.04	18.531987
0.05	28.718213
0.06	40.965908
0.07	55.166598
0.08	71.200605
0.09	88.936845
0.10	108.238322
0.11	128.959800
0.12	150.931991
0.13	173.984258
0.14	197.959753
0.15	222.682783
0.16	248.004503
0.17	273.778078
0.18	299.865869
0.19	326.117173
0.20	352.408851
0.21	378.623690
0.22	404.644403
0.23	430.370933
0.24	455.715236
0.25	480.590763
0.26	504.925970
0.27	528.658094
0.28	551.728902
0.29	574.083787
0.30	595.669159
0.31	616.437401
0.32	636.348085
0.33	655.362828
0.34	673.447836
0.35	690.570395
0.36	706.699625
0.37	721.811579
0.38	735.883111
0.39	748.893269
0.40	760.824293
0.41	771.659967
0.42	781.384473
0.43	789.982984
0.44	797.443566
0.45	803.758075
0.46	808.920059
0.47	812.924426
0.48	815.766860
0.49	817.446794
0.50	817.964421
0.51	817.321112
0.52	815.519778
0.53	812.564769
0.54	808.462833
0.55	803.222590
0.56	796.852018
0.57	789.363074
0.58	780.769834
0.59	771.087890
0.60	760.333311
0.61	748.524707
0.62	735.683585
0.63	721.831176
0.64	706.988017
0.65	691.182053
0.66	674.444678
0.67	656.803428
0.68	638.288348
0.69	618.932606
0.70	598.771355
0.71	577.843116
0.72	556.191671
0.73	533.859449
0.74	510.897125
0.75	487.361149
0.76	463.324215
0.77	438.867711
0.78	414.071366
0.79	389.027373
0.80	363.831724
0.81	338.579422
0.82	313.373871
0.83	288.334034
0.84	263.600139
0.85	239.319824
0.86	215.662718
0.87	192.796921
0.88	170.872544
0.89	150.038450
0.90	130.446004
0.91	112.238981
0.92	95.545845
0.93	80.491429
0.94	67.203401
0.95	55.789764
0.96	46.345895
0.97	38.949509
0.98	33.659391
0.99	30.515108
1.00	29.536852
