0.00	0.000000
0.01	1.243067
0.02	4.919327
0.03	10.991983
0.04	19.402727
0.05	30.073466
0.06	42.908490
0.07	57.796371
0.08	74.609842
0.09	93.217633
0.10	113.485437
0.11	135.270970
0.12	158.423436
0.13	182.786864
0.14	208.197314
0.15	234.464705
0.16	261.396537
0.17	288.795506
0.18	316.487302
0.19	344.304118
0.20	372.092675
0.21	399.708775
0.22	427.042915
0.23	453.994313
0.24	480.463464
0.25	506.353679
0.26	531.583790
0.27	556.086001
0.28	579.804714
0.29	602.690178
0.30	624.695059
0.31	645.778502
0.32	665.906810
0.33	685.052570
0.34	703.192667
0.35	720.307356
0.36	736.379653
0.37	751.396191
0.38	765.344542
0.39	778.215634
0.40	790.002981
0.41	800.701532
0.42	810.307368
0.43	818.819509
0.44	826.235814
0.45	832.553260
0.46	837.770982
0.47	841.889059
0.48	844.908233
0.49	846.829803
0.50	847.653957
0.51	847.380995
0.52	846.009663
0.53	843.538491
0.54	839.966718
0.55	835.295860
0.56	829.525392
0.57	822.655364
0.58	814.686362
0.59	805.620585
0.60	795.461669
0.61	784.216394
0.62	771.892864
0.63	758.502479
0.64	744.058864
0.65	728.578040
0.66	712.078672
0.67	694.583380
0.68	676.119508
0.69	656.713776
0.70	636.400564
0.71	615.219109
0.72	593.211789
0.73	570.427050
0.74	546.919569
0.75	522.748943
0.76	497.981786
0.77	472.698009
0.78	446.987016
0.79	420.954979
0.80	394.705027
0.81	368.353055
0.82	342.030677
0.83	315.871640
0.84	290.027940
0.85	264.641155
0.86	239.855939
0.87	215.841451
0.88	192.762120
0.89	170.789735
0.90	150.093227
0.91	130.847405
0.92	113.212891
0.93	97.327605
0.94	83.314596
0.95	71.284674
0.96	61.336613
0.97	53.554442
0.98	48.004120
0.99	44.732602
1.00	43.766742
