0.00	0.000000
0.01	1.183972
0.02	4.689148
0.03	10.486165
0.04	18.525048
0.05	28.736356
0.06	41.032823
0.07	55.311354
0.08	71.454028
0.09	89.331090
0.10	108.802715
0.11	129.715089
0.12	151.931818
0.13	175.313419
0.14	199.717216
0.15	224.960902
0.16	250.870403
0.17	277.272739
0.18	304.013974
0.19	330.941179
0.20	357.915821
0.21	384.809109
0.22	411.507092
0.23	437.897794
0.24	463.892411
0.25	489.412027
0.26	514.380233
0.27	538.728676
0.28	562.393434
0.29	585.316077
0.30	607.446889
0.31	628.740519
0.32	649.159142
0.33	668.668659
0.34	687.237374
0.35	704.836466
0.36	721.441327
0.37	737.028970
0.38	751.578337
0.39	765.070045
0.40	777.487077
0.41	788.814783
0.42	799.039017
0.43	808.146088
0.44	816.125828
0.45	822.969675
0.46	828.670309
0.47	833.221946
0.48	836.620599
0.49	838.863651
0.50	839.948040
0.51	839.871820
0.52	838.635059
0.53	836.239739
0.54	832.689443
0.55	827.987660
0.56	822.136931
0.57	815.142969
0.58	807.013371
0.59	797.757114
0.60	787.385517
0.61	775.911971
0.62	763.349202
0.63	749.712724
0.64	735.020978
0.65	719.294267
0.66	702.553252
0.67	684.820739
0.68	666.122632
0.69	646.489637
0.70	625.960999
0.71	604.575534
0.72	582.376169
0.73	559.408367
0.74	535.721280
0.75	511.375681
0.76	486.443748
0.77	461.009411
0.78	435.160698
0.79	408.995922
0.80	382.635806
0.81	356.211491
0.82	329.858403
0.83	303.712470
0.84	277.906264
0.85	252.581076
0.86	227.896233
0.87	204.031627
0.88	181.151681
0.89	159.409387
0.90	138.949674
0.91	119.928151
0.92	102.471480
0.93	86.697909
0.94	72.725256
0.95	60.668537
0.96	50.632857
0.97	42.702134
0.98	36.941592
0.99	33.397010
1.00	32.093922
