0.00	0.000000
0.01	1.238757
0.02	4.907228
0.03	10.979645
0.04	19.409238
0.05	30.130012
0.06	43.046513
0.07	58.043663
0.08	75.003381
0.09	93.791863
0.10	114.267171
0.11	136.270071
0.12	159.635579
0.13	184.186271
0.14	209.754548
0.15	236.176444
0.16	263.272518
0.17	290.886175
0.18	318.856338
0.19	347.026227
0.20	375.261387
0.21	403.402712
0.22	431.313935
0.23	458.881555
0.24	485.982188
0.25	512.515383
0.26	538.389504
0.27	563.525210
0.28	587.852504
0.29	611.309559
0.30	633.844281
0.31	655.408054
0.32	675.958390
0.33	695.463359
0.34	713.897810
0.35	731.242562
0.36	747.482087
0.37	762.605672
0.38	776.606766
0.39	789.480081
0.40	801.221086
0.41	811.829220
0.42	821.307317
0.43	829.659914
0.44	836.891233
0.45	843.006582
0.46	848.011203
0.47	851.910856
0.48	854.711557
0.49	856.416741
0.50	857.029221
0.51	856.552643
0.52	854.989374
0.53	852.341078
0.54	848.608759
0.55	843.791718
0.56	837.887196
0.57	830.892355
0.58	822.804137
0.59	813.619689
0.60	803.336629
0.61	791.953430
0.62	779.470580
0.63	765.890988
0.64	751.220740
0.65	735.468605
0.66	718.645550
0.67	700.765992
0.68	681.849142
0.69	661.920516
0.70	641.012869
0.71	619.166311
0.72	596.427394
0.73	572.846085
0.74	548.479370
0.75	523.390318
0.76	497.656187
0.77	471.360689
0.78	444.603497
0.79	417.499601
0.80	390.167375
0.81	362.734786
0.82	335.332835
0.83	308.107137
0.84	281.221679
0.85	254.824481
0.86	229.069452
0.87	204.120177
0.88	180.134777
0.89	157.282665
0.90	135.733808
0.91	115.655953
0.92	97.210001
0.93	80.539591
0.94	65.783886
0.95	53.067913
0.96	42.490527
0.97	34.127372
0.98	28.042333
0.99	24.279523
1.00	22.859750
