0.00	0.000000
0.01	1.175206
0.02	4.648734
0.03	10.385810
0.04	18.332470
0.05	28.417259
0.06	40.553162
0.07	54.639721
0.08	70.565054
0.09	88.207015
0.10	107.434130
0.11	128.105538
0.12	150.068176
0.13	173.155830
0.14	197.204063
0.15	222.041061
0.16	247.480872
0.17	273.345973
0.18	299.473457
0.19	325.723206
0.20	351.954047
0.21	378.051279
0.22	403.914149
0.23	429.445282
0.24	454.555013
0.25	479.162262
0.26	503.195342
0.27	526.587301
0.28	549.276168
0.29	571.210910
0.30	592.347215
0.31	612.651614
0.32	632.091431
0.33	650.637299
0.34	668.259321
0.35	684.929166
0.36	700.625091
0.37	715.327515
0.38	729.019067
0.39	741.685552
0.40	753.315360
0.41	763.897208
0.42	773.419173
0.43	781.872503
0.44	789.249126
0.45	795.539584
0.46	800.737070
0.47	804.835605
0.48	807.829566
0.49	809.714543
0.50	810.485873
0.51	810.141639
0.52	808.680181
0.53	806.099981
0.54	802.400002
0.55	797.578861
0.56	791.637007
0.57	784.578539
0.58	776.409373
0.59	767.140294
0.60	756.781300
0.61	745.343931
0.62	732.840031
0.63	719.286144
0.64	704.700811
0.65	689.104927
0.66	672.525306
0.67	654.991202
0.68	636.530928
0.69	617.176865
0.70	596.967984
0.71	575.945172
0.72	554.149372
0.73	531.627266
0.74	508.435513
0.75	484.632987
0.76	460.290077
0.77	435.483643
0.78	410.299381
0.79	384.831108
0.80	359.179430
0.81	333.466856
0.82	307.808910
0.83	282.331324
0.84	257.172046
0.85	232.507844
0.86	208.485314
0.87	185.268913
0.88	163.014120
0.89	141.880296
0.90	122.032425
0.91	103.624850
0.92	86.808682
0.93	71.741385
0.94	58.537456
0.95	47.306569
0.96	38.137655
0.97	31.101233
0.98	26.252886
0.99	23.631395
1.00	23.257365
