0.00	0.000000
0.01	1.099482
0.02	4.353925
0.03	9.742849
0.04	17.228306
0.05	26.755176
0.06	38.254514
0.07	51.643081
0.08	66.817545
0.09	83.638245
0.10	101.963325
0.11	121.670898
0.12	142.639855
0.13	164.735047
0.14	187.810361
0.15	211.706839
0.16	236.260266
0.17	261.333411
0.18	286.792068
0.19	312.490410
0.20	338.306503
0.21	364.125580
0.22	389.835597
0.23	415.327297
0.24	440.499097
0.25	465.271387
0.26	489.560959
0.27	513.301438
0.28	536.431421
0.29	558.900879
0.30	580.661262
0.31	601.666910
0.32	621.875589
0.33	641.245234
0.34	659.739202
0.35	677.326597
0.36	693.977469
0.37	709.662898
0.38	724.357659
0.39	738.038163
0.40	750.682529
0.41	762.271595
0.42	772.786339
0.43	782.210751
0.44	790.529291
0.45	797.727558
0.46	803.793711
0.47	808.720035
0.48	812.500740
0.49	815.129517
0.50	816.600766
0.51	816.909359
0.52	816.054146
0.53	814.035888
0.54	810.855675
0.55	806.515389
0.56	801.016063
0.57	794.362785
0.58	786.561505
0.59	777.619588
0.60	767.547606
0.61	756.357745
0.62	744.063469
0.63	730.680000
0.64	716.223097
0.65	700.710482
0.66	684.164254
0.67	666.613870
0.68	648.087458
0.69	628.615054
0.70	608.234952
0.71	587.002212
0.72	564.971632
0.73	542.199229
0.74	518.754586
0.75	494.715168
0.76	470.169098
0.77	445.203091
0.78	419.904525
0.79	394.371425
0.80	368.720273
0.81	343.064143
0.82	317.521576
0.83	292.206151
0.84	267.239774
0.85	242.757721
0.86	218.903928
0.87	195.836540
0.88	173.727764
0.89	152.726926
0.90	133.002593
0.91	114.704891
0.92	97.962829
0.93	82.887414
0.94	69.581765
0.95	58.135166
0.96	48.615998
0.97	41.084838
0.98	35.592745
0.99	32.178936
1.00	30.868957
