0.00	0.000000
0.01	1.126426
0.02	4.458081
0.03	9.966789
0.04	17.607183
0.05	27.317966
0.06	39.023335
0.07	52.624370
0.08	68.012654
0.09	85.083232
0.10	103.719901
0.11	123.792466
0.12	145.162630
0.13	167.646946
0.14	191.105130
0.15	215.360701
0.16	240.254052
0.17	265.635040
0.18	291.352109
0.19	317.263222
0.20	343.237316
0.21	369.137523
0.22	394.847083
0.23	420.267005
0.24	445.299459
0.25	469.860311
0.26	493.869783
0.27	517.250461
0.28	539.929677
0.29	561.851101
0.30	582.970483
0.31	603.251421
0.32	622.653233
0.33	641.136851
0.34	658.672900
0.35	675.236130
0.36	690.804932
0.37	705.358445
0.38	718.877848
0.39	731.348981
0.40	742.759001
0.41	753.095307
0.42	762.349570
0.43	770.514106
0.44	777.582364
0.45	783.552070
0.46	788.420513
0.47	792.186551
0.48	794.849097
0.49	796.406031
0.50	796.857509
0.51	796.203719
0.52	794.445748
0.53	791.586178
0.54	787.628622
0.55	782.577158
0.56	776.439890
0.57	769.224645
0.58	760.939704
0.59	751.594852
0.60	741.200625
0.61	729.768956
0.62	717.310969
0.63	703.839449
0.64	689.368874
0.65	673.915126
0.66	657.496415
0.67	640.133710
0.68	621.850369
0.69	602.671366
0.70	582.621591
0.71	561.733833
0.72	540.055468
0.73	517.640937
0.74	494.552576
0.75	470.851943
0.76	446.627416
0.77	421.976960
0.78	396.989263
0.79	371.766695
0.80	346.411871
0.81	321.035436
0.82	295.760232
0.83	270.717555
0.84	246.058374
0.85	221.925346
0.86	198.460470
0.87	175.801644
0.88	154.108806
0.89	133.531948
0.90	114.212611
0.91	96.290492
0.92	79.914510
0.93	65.219018
0.94	52.312678
0.95	41.285387
0.96	32.217048
0.97	25.176013
0.98	20.215820
0.99	17.373907
1.00	16.670740
