0.00	0.000000
0.01	1.194707
0.02	4.725221
0.03	10.555901
0.04	18.631604
0.05	28.879121
0.06	41.208883
0.07	55.516757
0.08	71.685775
0.09	89.587057
0.10	109.080554
0.11	130.016957
0.12	152.241883
0.13	175.593774
0.14	199.916838
0.15	225.054470
0.16	250.848862
0.17	277.140328
0.18	303.750318
0.19	330.517074
0.20	357.311206
0.21	384.006705
0.22	410.491649
0.23	436.673518
0.24	462.465416
0.25	487.785981
0.26	512.563162
0.27	536.729205
0.28	560.227254
0.29	583.004400
0.30	605.014099
0.31	626.215124
0.32	646.565180
0.33	666.022346
0.34	684.549760
0.35	702.115565
0.36	718.690887
0.37	734.247899
0.38	748.762200
0.39	762.213574
0.40	774.583623
0.41	785.856085
0.42	796.015687
0.43	805.049136
0.44	812.944772
0.45	819.693343
0.46	825.285120
0.47	829.711985
0.48	832.968529
0.49	835.051011
0.50	835.956548
0.51	835.683848
0.52	834.234312
0.53	831.609305
0.54	827.811399
0.55	822.844905
0.56	816.715755
0.57	809.431848
0.58	801.001755
0.59	791.436187
0.60	780.747234
0.61	768.950059
0.62	756.061963
0.63	742.101976
0.64	727.093354
0.65	711.062058
0.66	694.036110
0.67	676.044828
0.68	657.122605
0.69	637.306787
0.70	616.636762
0.71	595.155353
0.72	572.909414
0.73	549.949908
0.74	526.330590
0.75	502.108228
0.76	477.355684
0.77	452.154117
0.78	426.585857
0.79	400.744995
0.80	374.741325
0.81	348.687168
0.82	322.709736
0.83	296.921317
0.84	271.455170
0.85	246.448052
0.86	222.051094
0.87	198.422985
0.88	175.730274
0.89	154.141142
0.90	133.813120
0.91	114.898254
0.92	97.553304
0.93	81.930956
0.94	68.162535
0.95	56.358192
0.96	46.610742
0.97	38.994728
0.98	33.566085
0.99	30.361826
1.00	29.399843
