0.00	0.000000
0.01	1.215712
0.02	4.815192
0.03	10.768599
0.04	19.024388
0.05	29.510527
0.06	42.136114
0.07	56.793305
0.08	73.363206
0.09	91.717564
0.10	111.715348
0.11	133.203152
0.12	156.015957
0.13	179.989466
0.14	204.950943
0.15	230.716270
0.16	257.119139
0.17	283.975238
0.18	311.120379
0.19	338.400528
0.20	365.663690
0.21	392.780968
0.22	419.641057
0.23	446.142117
0.24	472.193041
0.25	497.716208
0.26	522.644564
0.27	546.904485
0.28	570.429219
0.29	593.164603
0.30	615.067815
0.31	636.099257
0.32	656.223686
0.33	675.412419
0.34	693.639864
0.35	710.883336
0.36	727.120535
0.37	742.331651
0.38	756.501424
0.39	769.614645
0.40	781.660685
0.41	792.630778
0.42	802.515866
0.43	811.307362
0.44	818.999515
0.45	825.585475
0.46	831.057325
0.47	835.410731
0.48	838.641809
0.49	840.745807
0.50	841.718809
0.51	841.557615
0.52	840.262396
0.53	837.832226
0.54	834.265367
0.55	829.562188
0.56	823.720469
0.57	816.741564
0.58	808.627807
0.59	799.382465
0.60	789.009168
0.61	777.514240
0.62	764.907015
0.63	751.200021
0.64	736.407671
0.65	720.546571
0.66	703.636550
0.67	685.700531
0.68	666.763829
0.69	646.856006
0.70	626.012030
0.71	604.271292
0.72	581.678613
0.73	558.284400
0.74	534.143772
0.75	509.316036
0.76	483.870705
0.77	457.889115
0.78	431.462740
0.79	404.701648
0.80	377.717827
0.81	350.637485
0.82	323.588954
0.83	296.730048
0.84	270.213290
0.85	244.175592
0.86	218.762908
0.87	194.140578
0.88	170.496535
0.89	148.018158
0.90	126.866120
0.91	107.199075
0.92	89.171012
0.93	72.912412
0.94	58.553130
0.95	46.211366
0.96	35.989630
0.97	27.972403
0.98	22.225721
0.99	18.795975
1.00	17.709059
