0.00	0.000000
0.01	1.256848
0.02	4.979366
0.03	11.138299
0.04	19.682050
0.05	30.537925
0.06	43.613817
0.07	58.800193
0.08	75.972203
0.09	94.992588
0.10	115.707947
0.11	137.955377
0.12	161.565293
0.13	186.371452
0.14	212.204972
0.15	238.883119
0.16	266.246276
0.17	294.113518
0.18	322.310362
0.19	350.688128
0.20	379.101169
0.21	407.405501
0.22	435.436824
0.23	463.067474
0.24	490.188313
0.25	516.706270
0.26	542.531686
0.27	567.585711
0.28	591.801188
0.29	615.119778
0.30	637.491786
0.31	658.874740
0.32	679.235327
0.33	698.546078
0.34	716.786197
0.35	733.939218
0.36	749.992479
0.37	764.937579
0.38	778.768089
0.39	791.480135
0.40	803.074506
0.41	813.551955
0.42	822.915263
0.43	831.170159
0.44	838.322422
0.45	844.378589
0.46	849.345601
0.47	853.229579
0.48	856.036435
0.49	857.769947
0.50	858.431806
0.51	858.024573
0.52	856.549197
0.53	854.005722
0.54	850.391980
0.55	845.704933
0.56	839.941827
0.57	833.099261
0.58	825.175300
0.59	816.168249
0.60	806.076752
0.61	794.899557
0.62	782.637741
0.63	769.294156
0.64	754.874039
0.65	739.385525
0.66	722.838539
0.67	705.245718
0.68	686.624012
0.69	666.996425
0.70	646.390929
0.71	624.840958
0.72	602.384510
0.73	579.064571
0.74	554.932254
0.75	530.047229
0.76	504.483250
0.77	478.324462
0.78	451.663321
0.79	424.609343
0.80	397.288027
0.81	369.827823
0.82	342.352937
0.83	315.017958
0.84	287.976392
0.85	261.401533
0.86	235.480597
0.87	210.402551
0.88	186.340107
0.89	163.461784
0.90	141.935981
0.91	121.927635
0.92	103.588929
0.93	87.063398
0.94	72.484895
0.95	59.972977
0.96	49.631673
0.97	41.548217
0.98	35.791785
0.99	32.411756
1.00	31.436077
