0.00	0.000000
0.01	1.184221
0.02	4.693505
0.03	10.504669
0.04	18.574629
0.05	28.841308
0.06	41.224960
0.07	55.629780
0.08	71.943031
0.09	90.017236
0.10	109.700538
0.11	130.841778
0.12	153.287636
0.13	176.876712
0.14	201.435177
0.15	226.789240
0.16	252.779400
0.17	279.249967
0.18	306.060045
0.19	333.075133
0.20	360.151887
0.21	387.168788
0.22	414.010982
0.23	440.577315
0.24	466.770183
0.25	492.506772
0.26	517.709745
0.27	542.302768
0.28	566.220669
0.29	589.402909
0.30	611.795243
0.31	633.349545
0.32	654.022586
0.33	673.774851
0.34	692.571611
0.35	710.382814
0.36	727.184593
0.37	742.953920
0.38	757.669833
0.39	771.312826
0.40	783.867250
0.41	795.321091
0.42	805.662135
0.43	814.878585
0.44	822.963422
0.45	829.910459
0.46	835.714851
0.47	840.372157
0.48	843.879122
0.49	846.233666
0.50	847.432177
0.51	847.473716
0.52	846.358745
0.53	844.089245
0.54	840.667237
0.55	836.097936
0.56	830.386219
0.57	823.538147
0.58	815.559618
0.59	806.459332
0.60	796.248547
0.61	784.938968
0.62	772.543730
0.63	759.077715
0.64	744.559158
0.65	729.009135
0.66	712.449175
0.67	694.900854
0.68	676.394351
0.69	656.965833
0.70	636.652035
0.71	615.496340
0.72	593.544761
0.73	570.845831
0.74	547.453061
0.75	523.426269
0.76	498.834445
0.77	473.745469
0.78	448.243735
0.79	422.423445
0.80	396.381682
0.81	370.222076
0.82	344.061550
0.83	318.032785
0.84	292.281841
0.85	266.953857
0.86	242.198430
0.87	218.159627
0.88	195.015566
0.89	172.929731
0.90	152.052681
0.91	132.543073
0.92	114.568798
0.93	98.277155
0.94	83.789927
0.95	71.229813
0.96	60.692871
0.97	52.251844
0.98	45.964356
0.99	41.871618
1.00	39.997423
