0.00	0.000000
0.01	1.237491
0.02	4.892460
0.03	10.924311
0.04	19.272882
0.05	29.860373
0.06	42.580886
0.07	57.317335
0.08	73.945285
0.09	92.328198
0.10	112.321222
0.11	133.760175
0.12	156.497882
0.13	180.368776
0.14	205.208355
0.15	230.844429
0.16	257.090666
0.17	283.778830
0.18	310.736256
0.19	337.798843
0.20	364.827489
0.21	391.707534
0.22	418.339810
0.23	444.614077
0.24	470.443737
0.25	495.753857
0.26	520.478982
0.27	544.558888
0.28	567.937999
0.29	590.566046
0.30	612.391855
0.31	633.372848
0.32	653.469591
0.33	672.647413
0.34	690.874395
0.35	708.124301
0.36	724.372470
0.37	739.600459
0.38	753.793571
0.39	766.938796
0.40	779.022835
0.41	790.033917
0.42	799.962654
0.43	808.801658
0.44	816.545145
0.45	823.191540
0.46	828.738842
0.47	833.187425
0.48	836.535107
0.49	838.780242
0.50	839.919985
0.51	839.955558
0.52	838.886525
0.53	836.714185
0.54	833.441880
0.55	829.073358
0.56	823.613481
0.57	817.066188
0.58	809.436364
0.59	800.728774
0.60	790.949662
0.61	780.105705
0.62	768.202099
0.63	755.245869
0.64	741.245968
0.65	726.211915
0.66	710.157788
0.67	693.099874
0.68	675.060981
0.69	656.067163
0.70	636.149188
0.71	615.342376
0.72	593.691697
0.73	571.243500
0.74	548.054804
0.75	524.193297
0.76	499.742002
0.77	474.781319
0.78	449.401545
0.79	423.709809
0.80	397.819501
0.81	371.842547
0.82	345.904800
0.83	320.120549
0.84	294.629563
0.85	269.568470
0.86	245.094493
0.87	221.352424
0.88	198.494127
0.89	176.691609
0.90	156.111427
0.91	136.926957
0.92	119.299719
0.93	103.366718
0.94	89.250447
0.95	77.061803
0.96	66.898349
0.97	58.843618
0.98	52.955632
0.99	49.271727
1.00	47.809022
