0.00	0.000000
0.01	1.286129
0.02	5.045797
0.03	11.240402
0.04	19.807107
0.05	30.660775
0.06	43.696533
0.07	58.792480
0.08	75.813357
0.09	94.614762
0.10	115.048024
0.11	136.971436
0.12	160.251049
0.13	184.753960
0.14	210.348830
0.15	236.901994
0.16	264.274735
0.17	292.324321
0.18	320.902092
0.19	349.848711
0.20	378.997084
0.21	408.170655
0.22	437.180242
0.23	465.817626
0.24	493.911499
0.25	521.351583
0.26	548.045470
0.27	573.915341
0.28	598.893318
0.29	622.920541
0.30	645.946786
0.31	667.929971
0.32	688.835649
0.33	708.636473
0.34	727.311472
0.35	744.845440
0.36	761.228395
0.37	776.454793
0.38	790.522928
0.39	803.434202
0.40	815.192499
0.41	825.803580
0.42	835.274526
0.43	843.613202
0.44	850.827782
0.45	856.926303
0.46	861.916285
0.47	865.804388
0.48	868.596145
0.49	870.295722
0.50	870.905796
0.51	870.427407
0.52	868.859973
0.53	866.201283
0.54	862.447601
0.55	857.593818
0.56	851.633665
0.57	844.559981
0.58	836.365038
0.59	827.040926
0.60	816.579977
0.61	804.975250
0.62	792.221040
0.63	778.313445
0.64	763.250952
0.65	747.035062
0.66	729.670928
0.67	711.168018
0.68	691.540823
0.69	670.809612
0.70	649.000880
0.71	626.148121
0.72	602.292423
0.73	577.483000
0.74	551.777584
0.75	525.242977
0.76	497.955447
0.77	470.004742
0.78	441.498531
0.79	412.601877
0.80	383.513889
0.81	354.419552
0.82	325.495306
0.83	296.917131
0.84	268.849427
0.85	241.443928
0.86	214.844191
0.87	189.188459
0.88	164.610418
0.89	141.242523
0.90	119.219140
0.91	98.672121
0.92	79.741012
0.93	62.572817
0.94	47.311537
0.95	34.092727
0.96	23.038962
0.97	14.256681
0.98	7.832832
0.99	3.832509
1.00	2.296916
