0.00	0.000000
0.01	1.290960
0.02	5.065274
0.03	11.284438
0.04	19.885529
0.05	30.781380
0.06	43.864579
0.07	59.014055
0.08	76.094751
0.09	94.961901
0.10	115.469196
0.11	137.478206
0.12	160.857985
0.13	185.475836
0.14	211.200123
0.15	237.895004
0.16	265.421074
0.17	293.636663
0.18	322.393859
0.19	351.536543
0.20	380.899350
0.21	410.305781
0.22	439.559042
0.23	468.446747
0.24	496.800237
0.25	524.495784
0.26	551.438070
0.27	577.547414
0.28	602.754344
0.29	626.998922
0.30	650.230076
0.31	672.405104
0.32	693.489128
0.33	713.454495
0.34	732.280128
0.35	749.950863
0.36	766.456758
0.37	781.792412
0.38	795.956281
0.39	808.950017
0.40	820.777821
0.41	831.445832
0.42	840.961550
0.43	849.333289
0.44	856.569688
0.45	862.679255
0.46	867.669975
0.47	871.548971
0.48	874.322181
0.49	875.994203
0.50	876.568054
0.51	876.045101
0.52	874.425027
0.53	871.705839
0.54	867.883941
0.55	862.954336
0.56	856.910779
0.57	849.746080
0.58	841.452430
0.59	832.021783
0.60	821.446294
0.61	809.718806
0.62	796.833383
0.63	782.785878
0.64	767.574543
0.65	751.200669
0.66	733.669241
0.67	714.989622
0.68	695.176238
0.69	674.249261
0.70	652.235290
0.71	629.167993
0.72	605.088729
0.73	580.047102
0.74	554.101451
0.75	527.319244
0.76	499.778266
0.77	471.572143
0.78	442.813516
0.79	413.652800
0.80	384.297532
0.81	354.952872
0.82	325.802793
0.83	297.016488
0.84	268.753391
0.85	241.164557
0.86	214.395134
0.87	188.585499
0.88	163.871680
0.89	140.387212
0.90	118.259553
0.91	97.613597
0.92	78.586428
0.93	61.324769
0.94	45.975162
0.95	32.673778
0.96	21.543907
0.97	12.692858
0.98	6.209169
0.99	2.159272
1.00	0.585364
