0.00	0.000000
0.01	1.280734
0.02	5.024476
0.03	11.193009
0.04	19.723989
0.05	30.532892
0.06	43.515532
0.07	58.551042
0.08	75.504999
0.09	94.233606
0.10	114.590662
0.11	136.438161
0.12	159.640294
0.13	184.059968
0.14	209.561494
0.15	236.007702
0.16	263.258306
0.17	291.170941
0.18	319.596941
0.19	348.379348
0.20	377.351696
0.21	406.333689
0.22	435.135073
0.23	463.558995
0.24	491.446241
0.25	518.680428
0.26	545.169474
0.27	570.837462
0.28	595.618128
0.29	619.453956
0.30	642.295935
0.31	664.103053
0.32	684.841755
0.33	704.485367
0.34	723.013483
0.35	740.411440
0.36	756.669466
0.37	771.782283
0.38	785.748382
0.39	798.569331
0.40	810.249236
0.41	820.794034
0.42	830.210928
0.43	838.507863
0.44	845.693046
0.45	851.774507
0.46	856.759717
0.47	860.655249
0.48	863.466505
0.49	865.197502
0.50	865.850702
0.51	865.426927
0.52	863.925353
0.53	861.343496
0.54	857.677363
0.55	852.921574
0.56	847.069600
0.57	840.114042
0.58	832.046960
0.59	822.860258
0.60	812.546121
0.61	801.097482
0.62	788.508547
0.63	774.775335
0.64	759.896266
0.65	743.872760
0.66	726.709861
0.67	708.416878
0.68	689.008136
0.69	668.503706
0.70	646.929830
0.71	624.319457
0.72	600.713072
0.73	576.159187
0.74	550.714859
0.75	524.446335
0.76	497.431331
0.77	469.760915
0.78	441.553735
0.79	412.957146
0.80	384.150541
0.81	355.316355
0.82	326.632610
0.83	298.273684
0.84	270.404753
0.85	243.180993
0.86	216.748087
0.87	191.244502
0.88	166.808605
0.89	143.578274
0.90	121.684809
0.91	101.259832
0.92	82.443739
0.93	65.382301
0.94	50.218246
0.95	37.085090
0.96	26.103424
0.97	17.377731
0.98	10.993417
0.99	7.014257
1.00	5.480413
