0.00	0.000000
0.01	1.293057
0.02	5.073517
0.03	11.302436
0.04	19.916425
0.05	30.829544
0.06	43.935906
0.07	59.112270
0.08	76.222441
0.09	95.120100
0.10	115.651604
0.11	137.667911
0.12	161.041992
0.13	185.651653
0.14	211.371270
0.15	238.069315
0.16	265.608998
0.17	293.848308
0.18	322.638770
0.19	351.818820
0.20	381.215530
0.21	410.654055
0.22	439.946035
0.23	468.871415
0.24	497.236814
0.25	524.938848
0.26	551.889117
0.27	578.008831
0.28	603.228700
0.29	627.488673
0.30	650.737551
0.31	672.932514
0.32	694.038569
0.33	714.027933
0.34	732.879391
0.35	750.577619
0.36	767.112491
0.37	782.478396
0.38	796.673554
0.39	809.699349
0.40	821.559690
0.41	832.260399
0.42	841.808634
0.43	850.212356
0.44	857.479844
0.45	863.619215
0.46	868.638115
0.47	872.543280
0.48	875.340350
0.49	877.033575
0.50	877.625697
0.51	877.117839
0.52	875.509464
0.53	872.798411
0.54	868.980966
0.55	864.052017
0.56	858.005296
0.57	850.833577
0.58	842.529091
0.59	833.083836
0.60	822.490046
0.61	810.740665
0.62	797.829876
0.63	783.753675
0.64	768.510469
0.65	752.101721
0.66	734.532610
0.67	715.812708
0.68	695.956674
0.69	674.984942
0.70	652.924399
0.71	629.809042
0.72	605.680592
0.73	580.589064
0.74	554.593257
0.75	527.761152
0.76	500.170196
0.77	471.907448
0.78	443.073901
0.79	413.834917
0.80	384.412671
0.81	355.003189
0.82	325.786899
0.83	296.936867
0.84	268.618195
0.85	240.983568
0.86	214.177154
0.87	188.337409
0.88	163.597350
0.89	140.084186
0.90	117.921905
0.91	97.232576
0.92	78.156739
0.93	60.850266
0.94	45.460356
0.95	32.124171
0.96	20.965689
0.97	12.093531
0.98	5.596288
0.99	1.540339
1.00	-0.032146
