0.00	0.000000
0.01	1.103052
0.02	4.309749
0.03	9.586966
0.04	16.905653
0.05	26.223548
0.06	37.471607
0.07	50.572106
0.08	65.441887
0.09	81.983884
0.10	100.081631
0.11	119.586475
0.12	140.338873
0.13	162.198673
0.14	185.041645
0.15	208.746165
0.16	233.178533
0.17	258.187184
0.18	283.641255
0.19	309.413017
0.20	335.376487
0.21	361.414106
0.22	387.407119
0.23	413.238157
0.24	438.793548
0.25	463.966615
0.26	488.664218
0.27	512.796640
0.28	536.290318
0.29	559.078791
0.30	581.096101
0.31	602.278277
0.32	622.572606
0.33	641.934612
0.34	660.322099
0.35	677.696917
0.36	694.025631
0.37	709.282706
0.38	723.449049
0.39	736.502242
0.40	748.424337
0.41	759.206901
0.42	768.844913
0.43	777.336070
0.44	784.679130
0.45	790.875901
0.46	795.930934
0.47	799.850832
0.48	802.643516
0.49	804.315443
0.50	804.874914
0.51	804.331194
0.52	802.694157
0.53	799.973418
0.54	796.178641
0.55	791.319849
0.56	785.407091
0.57	778.451182
0.58	770.459449
0.59	761.443537
0.60	751.414407
0.61	740.391280
0.62	728.395532
0.63	715.450455
0.64	701.576985
0.65	686.795253
0.66	671.122651
0.67	654.580477
0.68	637.201633
0.69	619.022104
0.70	600.078637
0.71	580.409379
0.72	560.057048
0.73	539.070161
0.74	517.498497
0.75	495.397556
0.76	472.833948
0.77	449.885730
0.78	426.638641
0.79	403.184852
0.80	379.631321
0.81	356.086581
0.82	332.667319
0.83	309.490184
0.84	286.664069
0.85	264.301738
0.86	242.512634
0.87	221.408188
0.88	201.111625
0.89	181.736794
0.90	163.393578
0.91	146.203945
0.92	130.287315
0.93	115.739704
0.94	102.646373
0.95	91.088114
0.96	81.125065
0.97	72.818463
0.98	66.211962
0.99	61.335609
1.00	58.211383
