0.00	0.000000
0.01	1.294439
0.02	5.078998
0.03	11.314644
0.04	19.937852
0.05	30.862580
0.06	43.982532
0.07	59.174550
0.08	76.302219
0.09	95.219113
0.10	115.773797
0.11	137.820714
0.12	161.230364
0.13	185.875790
0.14	211.628579
0.15	238.356566
0.16	265.922294
0.17	294.183673
0.18	322.991699
0.19	352.186164
0.20	381.596346
0.21	411.046429
0.22	440.345701
0.23	469.275002
0.24	497.650266
0.25	525.362252
0.26	552.320211
0.27	578.445385
0.28	603.668588
0.29	627.929897
0.30	651.178268
0.31	673.371057
0.32	694.473460
0.33	714.457905
0.34	733.303395
0.35	750.994837
0.36	767.522340
0.37	782.880533
0.38	797.067875
0.39	810.085986
0.40	821.939006
0.41	832.632977
0.42	842.175268
0.43	850.574031
0.44	857.837713
0.45	863.974605
0.46	868.992453
0.47	872.898118
0.48	875.697290
0.49	877.394271
0.50	877.991813
0.51	877.491003
0.52	875.891257
0.53	873.190317
0.54	869.384355
0.55	864.468119
0.56	858.435146
0.57	851.278041
0.58	842.988798
0.59	833.559189
0.60	822.981203
0.61	811.247531
0.62	798.352097
0.63	784.290635
0.64	769.061294
0.65	752.665283
0.66	735.107534
0.67	716.397386
0.68	696.549278
0.69	675.583440
0.70	653.526577
0.71	630.412526
0.72	606.282874
0.73	581.187527
0.74	555.185206
0.75	528.343843
0.76	500.740886
0.77	472.465504
0.78	443.623645
0.79	414.380515
0.80	384.952647
0.81	355.536722
0.82	326.312269
0.83	297.452130
0.84	269.120064
0.85	241.467540
0.86	214.638956
0.87	188.772771
0.88	164.002031
0.89	140.454992
0.90	118.258705
0.91	97.540606
0.92	78.442517
0.93	61.116008
0.94	45.708106
0.95	32.355977
0.96	21.184096
0.97	12.301077
0.98	5.795495
0.99	1.733696
1.00	0.157811
