0.00	0.000000
0.01	1.293666
0.02	5.075899
0.03	11.307639
0.04	19.925349
0.05	30.843014
0.06	43.954392
0.07	59.136726
0.08	76.253821
0.09	95.159488
0.10	115.699623
0.11	137.723979
0.12	161.106096
0.13	185.725397
0.14	211.456147
0.15	238.166496
0.16	265.719312
0.17	293.972216
0.18	322.776329
0.19	351.970020
0.20	381.378562
0.21	410.827148
0.22	440.127453
0.23	469.058411
0.24	497.428755
0.25	525.135756
0.26	552.091009
0.27	578.215734
0.28	603.440662
0.29	627.705766
0.30	650.959881
0.31	673.160221
0.32	694.271829
0.33	714.266957
0.34	733.124423
0.35	750.828931
0.36	767.370381
0.37	782.743183
0.38	796.945568
0.39	809.978926
0.40	821.847165
0.41	832.556097
0.42	842.112863
0.43	850.525396
0.44	857.801932
0.45	863.950569
0.46	868.978873
0.47	872.893545
0.48	875.700133
0.49	877.402831
0.50	878.004304
0.51	877.505575
0.52	875.906034
0.53	873.203419
0.54	869.393929
0.55	864.472365
0.56	858.432348
0.57	851.266582
0.58	842.967197
0.59	833.526111
0.60	822.935481
0.61	811.188178
0.62	798.278323
0.63	784.201852
0.64	768.957130
0.65	752.545581
0.66	734.972358
0.67	716.247021
0.68	696.384228
0.69	675.404425
0.70	653.334523
0.71	630.208560
0.72	606.068312
0.73	580.963861
0.74	554.954089
0.75	528.107071
0.76	500.500365
0.77	472.221148
0.78	443.368593
0.79	414.112101
0.80	384.677301
0.81	355.257663
0.82	326.029874
0.83	297.170208
0.84	268.843843
0.85	241.201755
0.86	214.387722
0.87	188.540018
0.88	163.791557
0.89	140.269006
0.90	118.093126
0.91	97.387357
0.92	78.297381
0.93	60.978626
0.94	45.577949
0.95	32.232616
0.96	21.066867
0.97	12.189027
0.98	5.687650
0.99	1.629078
1.00	0.055435
