0.00	0.000000
0.01	1.084904
0.02	4.250522
0.03	9.473081
0.04	16.707747
0.05	25.905098
0.06	37.000019
0.07	49.914441
0.08	64.547014
0.09	80.792728
0.10	98.540008
0.11	117.654502
0.12	138.002051
0.13	159.441054
0.14	181.830154
0.15	205.031709
0.16	228.912953
0.17	253.349499
0.18	278.209328
0.19	303.375022
0.20	328.723973
0.21	354.134649
0.22	379.486940
0.23	404.651105
0.24	429.513996
0.25	453.963254
0.26	477.918079
0.27	501.319280
0.28	524.100268
0.29	546.200520
0.30	567.564734
0.31	588.143263
0.32	607.889176
0.33	626.761249
0.34	644.722819
0.35	661.741716
0.36	677.787202
0.37	692.832083
0.38	706.854433
0.39	719.837727
0.40	731.765018
0.41	742.622217
0.42	752.399267
0.43	761.087331
0.44	768.679308
0.45	775.170044
0.46	780.554777
0.47	784.829177
0.48	787.991061
0.49	790.039551
0.50	790.974319
0.51	790.798537
0.52	789.516366
0.53	787.131679
0.54	783.650233
0.55	779.078951
0.56	773.425597
0.57	766.698529
0.58	758.906240
0.59	750.059070
0.60	740.168377
0.61	729.249342
0.62	717.316998
0.63	704.383874
0.64	690.468366
0.65	675.596493
0.66	659.795143
0.67	643.091826
0.68	625.518746
0.69	607.115448
0.70	587.927409
0.71	568.003502
0.72	547.393169
0.73	526.147742
0.74	504.330796
0.75	482.010069
0.76	459.259114
0.77	436.157708
0.78	412.791691
0.79	389.250936
0.80	365.629630
0.81	342.029269
0.82	318.551305
0.83	295.307614
0.84	272.424922
0.85	250.025365
0.86	228.224971
0.87	207.137891
0.88	186.883350
0.89	167.583231
0.90	149.355959
0.91	132.309574
0.92	116.546744
0.93	102.179122
0.94	89.312291
0.95	78.044975
0.96	68.445336
0.97	60.570418
0.98	54.464077
0.99	50.163056
1.00	47.692223
