0.00	0.000000
0.01	1.075541
0.02	4.215538
0.03	9.409442
0.04	16.635422
0.05	25.842535
0.06	36.995688
0.07	50.041951
0.08	64.860553
0.09	81.350293
0.10	99.404788
0.11	118.891144
0.12	139.671557
0.13	161.623414
0.14	184.619707
0.15	208.517382
0.16	233.174970
0.17	258.462188
0.18	284.247033
0.19	310.396187
0.20	336.777395
0.21	363.266170
0.22	389.745950
0.23	416.104615
0.24	442.234812
0.25	468.029321
0.26	493.380744
0.27	518.189883
0.28	542.373921
0.29	565.847157
0.30	588.535239
0.31	610.367877
0.32	631.274742
0.33	651.211700
0.34	670.133187
0.35	688.015470
0.36	704.832024
0.37	720.562715
0.38	735.192991
0.39	748.711484
0.40	761.109384
0.41	772.382457
0.42	782.529609
0.43	791.551705
0.44	799.451097
0.45	806.231033
0.46	811.895402
0.47	816.448207
0.48	819.893357
0.49	822.234926
0.50	823.476353
0.51	823.621280
0.52	822.673050
0.53	820.636091
0.54	817.514694
0.55	813.312124
0.56	808.032059
0.57	801.677573
0.58	794.251835
0.59	785.757842
0.60	776.201514
0.61	765.588998
0.62	753.920891
0.63	741.198782
0.64	727.434438
0.65	712.635277
0.66	696.823402
0.67	680.015706
0.68	662.232652
0.69	643.505353
0.70	623.867474
0.71	603.359912
0.72	582.029236
0.73	559.932444
0.74	537.132969
0.75	513.701968
0.76	489.720628
0.77	465.281176
0.78	440.478973
0.79	415.412869
0.80	390.191228
0.81	364.917600
0.82	339.713363
0.83	314.713632
0.84	290.060213
0.85	265.885986
0.86	242.319526
0.87	219.492663
0.88	197.537115
0.89	176.589258
0.90	156.773776
0.91	138.209808
0.92	121.002374
0.93	105.255111
0.94	91.059799
0.95	78.496475
0.96	67.603009
0.97	58.420709
0.98	51.031162
0.99	45.475452
1.00	41.796787
