0.00	0.000000
0.01	1.294336
0.02	5.078619
0.03	11.313886
0.04	19.936658
0.05	30.860922
0.06	43.980720
0.07	59.173227
0.08	76.302101
0.09	95.220958
0.10	115.774657
0.11	137.812210
0.12	161.206476
0.13	185.836930
0.14	211.577964
0.15	238.297825
0.16	265.859488
0.17	294.120821
0.18	322.933101
0.19	352.135565
0.20	381.554351
0.21	411.015201
0.22	440.330725
0.23	469.281374
0.24	497.670875
0.25	525.396145
0.26	552.368644
0.27	578.509504
0.28	603.749337
0.29	628.028056
0.30	651.294401
0.31	673.505556
0.32	694.626495
0.33	714.629471
0.34	733.493263
0.35	751.202601
0.36	767.747380
0.37	783.122056
0.38	797.324892
0.39	810.357321
0.40	822.223334
0.41	832.928807
0.42	842.480959
0.43	850.887814
0.44	858.157705
0.45	864.298826
0.46	869.318848
0.47	873.224575
0.48	876.021667
0.49	877.714416
0.50	878.305589
0.51	877.796317
0.52	876.186072
0.53	873.472687
0.54	869.652440
0.55	864.720209
0.56	858.669678
0.57	851.493613
0.58	843.184186
0.59	833.733358
0.60	823.133313
0.61	811.376937
0.62	798.458380
0.63	784.373576
0.64	769.120868
0.65	752.701696
0.66	735.121171
0.67	716.388846
0.68	696.519328
0.69	675.533047
0.70	653.456854
0.71	630.324766
0.72	606.178494
0.73	581.068102
0.74	555.052404
0.75	528.199468
0.76	500.586797
0.77	472.301576
0.78	443.442967
0.79	414.177692
0.80	384.731727
0.81	355.299910
0.82	326.061310
0.83	297.189420
0.84	268.849281
0.85	241.193512
0.86	214.366335
0.87	188.506401
0.88	163.746924
0.89	140.215409
0.90	118.034571
0.91	97.324687
0.92	78.226689
0.93	60.899776
0.94	45.492027
0.95	32.140710
0.96	20.970150
0.97	12.088368
0.98	5.583956
0.99	1.523389
1.00	-0.051062
