0.00	0.000000
0.01	1.254938
0.02	4.923249
0.03	10.970749
0.04	19.340680
0.05	29.956660
0.06	42.725232
0.07	57.534424
0.08	74.259364
0.09	92.768934
0.10	112.927980
0.11	134.596971
0.12	157.635546
0.13	181.900118
0.14	207.241110
0.15	233.505850
0.16	260.546720
0.17	288.215161
0.18	316.358124
0.19	344.814939
0.20	373.415583
0.21	401.994829
0.22	430.390628
0.23	458.463181
0.24	486.083570
0.25	513.133604
0.26	539.505233
0.27	565.104936
0.28	589.856784
0.29	613.695980
0.30	636.568186
0.31	658.429171
0.32	679.242361
0.33	698.977867
0.34	717.610842
0.35	735.121556
0.36	751.496005
0.37	766.724785
0.38	780.803142
0.39	793.729697
0.40	805.505836
0.41	816.134766
0.42	825.620316
0.43	833.967031
0.44	841.181859
0.45	847.272051
0.46	852.244704
0.47	856.106271
0.48	858.862659
0.49	860.518885
0.50	861.078759
0.51	860.544683
0.52	858.917289
0.53	856.195975
0.54	852.379144
0.55	847.464040
0.56	841.448131
0.57	834.327588
0.58	826.097847
0.59	816.754117
0.60	806.291855
0.61	794.707219
0.62	781.997858
0.63	768.163416
0.64	753.206361
0.65	737.131640
0.66	719.947221
0.67	701.664950
0.68	682.301212
0.69	661.877708
0.70	640.424015
0.71	617.976095
0.72	594.576972
0.73	570.280704
0.74	545.149312
0.75	519.254511
0.76	492.678595
0.77	465.523267
0.78	437.901967
0.79	409.939487
0.80	381.772222
0.81	353.543920
0.82	325.409387
0.83	297.532292
0.84	270.081231
0.85	243.222378
0.86	217.111056
0.87	191.902703
0.88	167.745262
0.89	144.782211
0.90	123.149814
0.91	102.982176
0.92	84.413641
0.93	67.575102
0.94	52.591839
0.95	39.584271
0.96	28.669142
0.97	19.945493
0.98	13.493821
0.99	9.374079
1.00	7.623844
