0.00	0.000000
0.01	1.294333
0.02	5.078536
0.03	11.313490
0.04	19.935593
0.05	30.858739
0.06	43.976933
0.07	59.167370
0.08	76.293787
0.09	95.209904
0.10	115.761270
0.11	137.794368
0.12	161.184219
0.13	185.812067
0.14	211.552220
0.15	238.272637
0.16	265.836017
0.17	294.099830
0.18	322.915349
0.19	352.121180
0.20	381.540263
0.21	410.999485
0.22	440.310817
0.23	469.252639
0.24	497.632422
0.25	525.348635
0.26	552.312825
0.27	578.446179
0.28	603.679401
0.29	627.952450
0.30	651.214154
0.31	673.421728
0.32	694.540219
0.33	714.541890
0.34	733.405573
0.35	751.115987
0.36	767.663051
0.37	783.041192
0.38	797.248658
0.39	810.286859
0.40	822.159716
0.41	832.873056
0.42	842.434030
0.43	850.850580
0.44	858.130947
0.45	864.283227
0.46	869.314986
0.47	873.232913
0.48	876.042554
0.49	877.748077
0.50	878.352131
0.51	877.855710
0.52	876.258181
0.53	873.557251
0.54	869.749077
0.55	864.828431
0.56	858.788890
0.57	851.623122
0.58	843.323207
0.59	833.881026
0.60	823.288692
0.61	811.539038
0.62	798.626145
0.63	784.545915
0.64	769.296678
0.65	752.879834
0.66	735.300513
0.67	716.568257
0.68	696.697714
0.69	675.709328
0.70	653.630018
0.71	630.493833
0.72	606.342577
0.73	581.226364
0.74	555.204122
0.75	528.343985
0.76	500.723578
0.77	472.430158
0.78	443.561843
0.79	414.289610
0.80	384.841562
0.81	355.410031
0.82	326.169639
0.83	297.298184
0.84	268.960841
0.85	241.307976
0.86	214.483331
0.87	188.625208
0.88	163.866592
0.89	140.334243
0.90	118.147718
0.91	97.428963
0.92	78.326160
0.93	60.995780
0.94	45.584986
0.95	32.231153
0.96	21.058669
0.97	12.175558
0.98	5.670362
0.99	1.609464
1.00	0.035000
