0.00	0.000000
0.01	1.267136
0.02	4.970242
0.03	11.071500
0.04	19.509363
0.05	30.200473
0.06	43.042136
0.07	57.915263
0.08	74.687530
0.09	93.217894
0.10	113.362732
0.11	134.981642
0.12	157.936564
0.13	182.093554
0.14	207.318842
0.15	233.476164
0.16	260.427839
0.17	288.031128
0.18	316.137786
0.19	344.588607
0.20	373.217543
0.21	401.850908
0.22	430.304329
0.23	458.385559
0.24	485.929105
0.25	512.827031
0.26	538.994520
0.27	564.357058
0.28	588.849164
0.29	612.414267
0.30	635.004122
0.31	656.578195
0.32	677.103082
0.33	696.552161
0.34	714.904930
0.35	732.146288
0.36	748.266060
0.37	763.258348
0.38	777.121066
0.39	789.855116
0.40	801.463994
0.41	811.953011
0.42	821.328727
0.43	829.598438
0.44	836.769712
0.45	842.849953
0.46	847.846026
0.47	851.763932
0.48	854.608530
0.49	856.383333
0.50	857.090343
0.51	856.729974
0.52	855.301042
0.53	852.800774
0.54	849.224940
0.55	844.568003
0.56	838.823345
0.57	831.983556
0.58	824.040762
0.59	814.987009
0.60	804.814692
0.61	793.517023
0.62	781.088535
0.63	767.525617
0.64	752.827078
0.65	736.994728
0.66	720.033978
0.67	701.954458
0.68	682.770797
0.69	662.503355
0.70	641.178555
0.71	618.829386
0.72	595.496157
0.73	571.226843
0.74	546.077894
0.75	520.114968
0.76	493.416151
0.77	466.073737
0.78	438.198203
0.79	409.945010
0.80	381.484725
0.81	352.982267
0.82	324.608772
0.83	296.537259
0.84	268.934957
0.85	241.959861
0.86	215.761918
0.87	190.485482
0.88	166.270997
0.89	143.254816
0.90	121.565637
0.91	101.332907
0.92	82.698541
0.93	65.809276
0.94	50.805530
0.95	37.818328
0.96	26.965825
0.97	18.350231
0.98	12.054926
0.99	8.141977
1.00	6.650205
