0.00	0.000000
0.01	1.195975
0.02	4.686246
0.03	10.438203
0.04	18.397815
0.05	28.496609
0.06	40.645378
0.07	54.741961
0.08	70.677044
0.09	88.332933
0.10	107.584803
0.11	128.300900
0.12	150.348376
0.13	173.589178
0.14	197.874284
0.15	223.042077
0.16	248.945704
0.17	275.434765
0.18	302.357731
0.19	329.558176
0.20	356.882004
0.21	384.190400
0.22	411.350566
0.23	438.230959
0.24	464.711054
0.25	490.680814
0.26	516.044058
0.27	540.717291
0.28	564.632524
0.29	587.726897
0.30	609.943653
0.31	631.244874
0.32	651.600660
0.33	670.979567
0.34	689.355360
0.35	706.707417
0.36	723.018697
0.37	738.275168
0.38	752.465678
0.39	765.581168
0.40	777.614770
0.41	788.562157
0.42	798.420007
0.43	807.184779
0.44	814.852985
0.45	821.422613
0.46	826.892471
0.47	831.262197
0.48	834.529830
0.49	836.692174
0.50	837.746724
0.51	837.690155
0.52	836.518017
0.53	834.228370
0.54	830.820408
0.55	826.292761
0.56	820.644404
0.57	813.874247
0.58	805.979705
0.59	796.960623
0.60	786.817894
0.61	775.553249
0.62	763.170864
0.63	749.677387
0.64	735.081194
0.65	719.393801
0.66	702.630590
0.67	684.810976
0.68	665.961284
0.69	646.113526
0.70	625.304965
0.71	603.580738
0.72	580.994845
0.73	557.607529
0.74	533.484128
0.75	508.694240
0.76	483.316591
0.77	457.448289
0.78	431.194913
0.79	404.665983
0.80	377.973216
0.81	351.239216
0.82	324.597858
0.83	298.187776
0.84	272.151611
0.85	246.642855
0.86	221.822482
0.87	197.840439
0.88	174.840232
0.89	152.977276
0.90	132.400158
0.91	113.238604
0.92	95.621832
0.93	79.668457
0.94	65.491635
0.95	53.195124
0.96	42.881536
0.97	34.637362
0.98	28.527519
0.99	24.597638
1.00	22.869372
