0.00	0.000000
0.01	1.295277
0.02	5.082359
0.03	11.322239
0.04	19.951442
0.05	30.883900
0.06	44.013491
0.07	59.216436
0.08	76.356063
0.09	95.285627
0.10	115.854431
0.11	137.919901
0.12	161.352467
0.13	186.023789
0.14	211.802210
0.15	238.552332
0.16	266.135661
0.17	294.409813
0.18	323.225988
0.19	352.425550
0.20	381.840919
0.21	411.295761
0.22	440.599059
0.23	469.533270
0.24	497.918118
0.25	525.639849
0.26	552.605161
0.27	578.735220
0.28	603.960906
0.29	628.222380
0.30	651.468702
0.31	673.657346
0.32	694.753647
0.33	714.730188
0.34	733.566145
0.35	751.246605
0.36	767.761879
0.37	783.106801
0.38	797.280047
0.39	810.283458
0.40	822.121399
0.41	832.800137
0.42	842.327264
0.43	850.711149
0.44	857.960448
0.45	864.083652
0.46	869.088691
0.47	872.982599
0.48	875.771200
0.49	877.458943
0.50	878.048673
0.51	877.541566
0.52	875.937090
0.53	873.233024
0.54	869.425524
0.55	864.509337
0.56	858.477947
0.57	851.323889
0.58	843.039063
0.59	833.615128
0.60	823.043943
0.61	811.318047
0.62	798.431202
0.63	784.378965
0.64	769.159298
0.65	752.773216
0.66	735.225449
0.67	716.525133
0.68	696.686500
0.69	675.729578
0.70	653.680871
0.71	630.574021
0.72	606.450431
0.73	581.359834
0.74	555.360788
0.75	528.521083
0.76	500.918407
0.77	472.643629
0.78	443.811309
0.79	414.580512
0.80	385.155810
0.81	355.737572
0.82	326.508706
0.83	297.640683
0.84	269.295986
0.85	241.626289
0.86	214.776293
0.87	188.885357
0.88	164.087522
0.89	140.515683
0.90	118.300363
0.91	97.568452
0.92	78.460142
0.93	61.124955
0.94	45.709204
0.95	32.350600
0.96	21.173340
0.97	12.286134
0.98	5.777659
0.99	1.714250
1.00	0.138022
