0.00	0.000000
0.01	1.275203
0.02	5.002537
0.03	11.144565
0.04	19.640249
0.05	30.404914
0.06	43.333516
0.07	58.308327
0.08	75.199532
0.09	93.867889
0.10	114.166569
0.11	135.959703
0.12	159.116125
0.13	183.500840
0.14	208.975160
0.15	235.398730
0.16	262.629525
0.17	290.524165
0.18	318.933302
0.19	347.700671
0.20	376.665704
0.21	405.655892
0.22	434.478849
0.23	462.952396
0.24	490.928311
0.25	518.283937
0.26	544.913448
0.27	570.727635
0.28	595.656984
0.29	619.641693
0.30	642.630741
0.31	664.581498
0.32	685.458962
0.33	705.234979
0.34	723.887448
0.35	741.400644
0.36	757.764012
0.37	772.971437
0.38	787.020597
0.39	799.912343
0.40	811.650094
0.41	822.239238
0.42	831.686579
0.43	839.999815
0.44	847.187052
0.45	853.256358
0.46	858.215241
0.47	862.070634
0.48	864.828490
0.49	866.493493
0.50	867.068874
0.51	866.556320
0.52	864.955943
0.53	862.266268
0.54	858.484342
0.55	853.605863
0.56	847.625396
0.57	840.536627
0.58	832.332691
0.59	823.006540
0.60	812.551361
0.61	800.961038
0.62	788.230674
0.63	774.357324
0.64	759.340419
0.65	743.182294
0.66	725.888831
0.67	707.470026
0.68	687.940846
0.69	667.321805
0.70	645.639531
0.71	622.927348
0.72	599.225938
0.73	574.584013
0.74	549.059197
0.75	522.723641
0.76	495.661486
0.77	467.969479
0.78	439.762424
0.79	411.181192
0.80	382.392024
0.81	353.578949
0.82	324.920679
0.83	296.585750
0.84	268.739829
0.85	241.542845
0.86	215.144302
0.87	189.688641
0.88	165.317846
0.89	142.167371
0.90	120.368634
0.91	100.050006
0.92	81.343546
0.93	64.387911
0.94	49.319645
0.95	36.268487
0.96	25.353977
0.97	16.680624
0.98	10.333437
0.99	6.375503
1.00	4.847029
