0.00	0.000000
0.01	1.110367
0.02	4.346442
0.03	9.687350
0.04	17.104101
0.05	26.557540
0.06	37.994576
0.07	51.321755
0.08	66.432960
0.09	83.241567
0.10	101.633078
0.11	121.460963
0.12	142.585999
0.13	164.869534
0.14	188.180289
0.15	212.384833
0.16	237.343903
0.17	262.916772
0.18	288.969018
0.19	315.368188
0.20	341.985723
0.21	368.700779
0.22	395.389694
0.23	421.925136
0.24	448.190704
0.25	474.089697
0.26	499.521917
0.27	524.390356
0.28	548.617493
0.29	572.126644
0.30	594.851696
0.31	616.732926
0.32	637.710086
0.33	657.732609
0.34	676.750565
0.35	694.724988
0.36	711.624553
0.37	727.422326
0.38	742.092305
0.39	755.615994
0.40	767.979704
0.41	779.175969
0.42	789.199716
0.43	798.049691
0.44	805.726224
0.45	812.231538
0.46	817.569259
0.47	821.746704
0.48	824.772992
0.49	826.656885
0.50	827.407517
0.51	827.034959
0.52	825.549366
0.53	822.959987
0.54	819.276926
0.55	814.510584
0.56	808.672327
0.57	801.773880
0.58	793.826023
0.59	784.836602
0.60	774.812466
0.61	763.774397
0.62	751.741912
0.63	738.735231
0.64	724.773907
0.65	709.878281
0.66	694.068662
0.67	677.359376
0.68	659.776031
0.69	641.345783
0.70	622.093907
0.71	602.058943
0.72	581.282544
0.73	559.811474
0.74	537.699119
0.75	515.001634
0.76	491.793256
0.77	468.160866
0.78	444.185419
0.79	419.956606
0.80	395.571642
0.81	371.143917
0.82	346.785024
0.83	322.617279
0.84	298.760879
0.85	275.339659
0.86	252.478402
0.87	230.308221
0.88	208.949329
0.89	188.532558
0.90	169.183439
0.91	151.014863
0.92	134.134060
0.93	118.639340
0.94	104.620278
0.95	92.155457
0.96	81.334502
0.97	72.221664
0.98	64.869864
0.99	59.311548
1.00	55.568899
