0.00	0.000000
0.01	1.292859
0.02	5.072809
0.03	11.301061
0.04	19.914372
0.05	30.826884
0.06	43.932243
0.07	59.107701
0.08	76.217179
0.09	95.114187
0.10	115.644859
0.11	137.665827
0.12	161.049674
0.13	185.669531
0.14	211.397741
0.15	238.102637
0.16	265.646988
0.17	293.888002
0.18	322.676600
0.19	351.854651
0.20	381.254572
0.21	410.698999
0.22	439.996691
0.23	468.928800
0.24	497.306520
0.25	525.019860
0.26	551.980359
0.27	578.109196
0.28	603.337043
0.29	627.603817
0.30	650.858291
0.31	673.057623
0.32	694.166808
0.33	714.158061
0.34	733.010176
0.35	750.707850
0.36	767.240993
0.37	782.604044
0.38	796.795281
0.39	809.816163
0.40	821.670687
0.41	832.364770
0.42	841.905679
0.43	850.301487
0.44	857.560587
0.45	863.691249
0.46	868.701196
0.47	872.597338
0.48	875.385404
0.49	877.069773
0.50	877.653298
0.51	877.137200
0.52	875.521038
0.53	872.802732
0.54	868.978638
0.55	864.043703
0.56	857.991708
0.57	850.815463
0.58	842.507226
0.59	833.059013
0.60	822.463068
0.61	810.712333
0.62	797.800989
0.63	783.725014
0.64	768.482800
0.65	752.075781
0.66	734.509105
0.67	715.792307
0.68	695.940000
0.69	674.972565
0.70	652.916831
0.71	629.806725
0.72	605.683893
0.73	580.598263
0.74	554.608539
0.75	527.782595
0.76	500.197769
0.77	471.940994
0.78	443.113915
0.79	413.879073
0.80	384.459688
0.81	355.055852
0.82	325.850660
0.83	297.012385
0.84	268.701352
0.85	241.071151
0.86	214.268088
0.87	188.430793
0.88	163.692650
0.89	140.183064
0.90	118.027390
0.91	97.347409
0.92	78.281070
0.93	60.981177
0.94	45.596942
0.95	32.265897
0.96	21.112216
0.97	12.243606
0.98	5.748456
0.99	1.693544
1.00	0.121205
