0.00	0.000000
0.01	1.565470
0.02	6.168634
0.03	13.782653
0.04	24.376213
0.05	37.912564
0.06	54.380968
0.07	73.715265
0.08	95.831666
0.09	120.657669
0.10	148.117065
0.11	178.121552
0.12	210.582709
0.13	245.417939
0.14	282.550562
0.15	321.905546
0.16	363.403689
0.17	406.960594
0.18	452.499377
0.19	499.947235
0.20	549.208212
0.21	600.160643
0.22	652.650252
0.23	706.551755
0.24	761.738154
0.25	818.059226
0.26	875.323218
0.27	933.298217
0.28	991.712293
0.29	1050.278091
0.30	1108.669194
0.31	1166.493810
0.32	1223.311670
0.33	1278.613818
0.34	1332.038866
0.35	1383.421970
0.36	1432.710127
0.37	1479.920803
0.38	1525.076631
0.39	1568.192933
0.40	1609.260083
0.41	1648.251575
0.42	1685.162053
0.43	1719.947604
0.44	1752.597264
0.45	1783.171936
0.46	1811.757838
0.47	1838.457417
0.48	1863.360364
0.49	1886.539214
0.50	1908.052385
0.51	1927.933571
0.52	1946.233588
0.53	1963.067315
0.54	1978.489418
0.55	1992.537489
0.56	2005.243148
0.57	2016.641339
0.58	2026.770676
0.59	2035.646330
0.60	2043.301102
0.61	2049.774405
0.62	2055.095527
0.63	2059.293778
0.64	2062.396890
0.65	2064.429188
0.66	2065.408665
0.67	2065.344974
0.68	2064.250558
0.69	2062.135378
0.70	2059.029237
0.71	2054.990665
0.72	2050.071434
0.73	2044.312210
0.74	2037.755189
0.75	2030.448502
0.76	2022.454224
0.77	2013.836095
0.78	2004.661358
0.79	1995.009887
0.80	1984.958150
0.81	1974.565303
0.82	1963.884643
0.83	1952.992066
0.84	1941.980475
0.85	1930.942536
0.86	1919.959241
0.87	1909.110980
0.88	1898.457202
0.89	1888.096767
0.90	1878.126705
0.91	1868.613715
0.92	1859.628780
0.93	1851.253497
0.94	1843.561735
0.95	1836.609978
0.96	1830.457690
0.97	1825.176065
0.98	1820.817850
0.99	1817.429342
1.00	1815.051173
