0.00	0.000000
0.01	1.279057
0.02	5.017650
0.03	11.177397
0.04	19.695857
0.05	30.488471
0.06	43.451089
0.07	58.462710
0.08	75.389172
0.09	94.086866
0.10	114.409022
0.11	136.215860
0.12	159.371384
0.13	183.743044
0.14	209.196086
0.15	235.591346
0.16	262.789869
0.17	290.650459
0.18	319.024893
0.19	347.754409
0.20	376.670579
0.21	405.594721
0.22	434.340456
0.23	462.714384
0.24	490.546843
0.25	517.727619
0.26	544.166498
0.27	569.787190
0.28	594.523142
0.29	618.316718
0.30	641.118737
0.31	662.888003
0.32	683.590744
0.33	703.199957
0.34	721.695011
0.35	739.061086
0.36	755.288369
0.37	770.371413
0.38	784.308542
0.39	797.101207
0.40	808.753324
0.41	819.270654
0.42	828.660247
0.43	836.929926
0.44	844.087806
0.45	850.141857
0.46	855.099524
0.47	858.967390
0.48	861.750904
0.49	863.454134
0.50	864.079669
0.51	863.628456
0.52	862.099813
0.53	859.491429
0.54	855.799490
0.55	851.018804
0.56	845.143036
0.57	838.164974
0.58	830.076862
0.59	820.870778
0.60	810.539064
0.61	799.074802
0.62	786.472323
0.63	772.727759
0.64	757.839622
0.65	741.809409
0.66	724.642236
0.67	706.347494
0.68	686.939487
0.69	666.438277
0.70	644.870122
0.71	622.268051
0.72	598.672594
0.73	574.132192
0.74	548.703722
0.75	522.452971
0.76	495.455228
0.77	467.802783
0.78	439.612163
0.79	411.035866
0.80	382.256486
0.81	353.446097
0.82	324.780982
0.83	296.440903
0.84	268.592315
0.85	241.389577
0.86	214.979489
0.87	189.501272
0.88	165.089709
0.89	141.878870
0.90	120.001550
0.91	99.592683
0.92	80.793554
0.93	63.750182
0.94	48.604918
0.95	35.491544
0.96	24.530773
0.97	15.827237
0.98	9.466507
0.99	5.512534
1.00	4.005643
