0.00	0.000000
0.01	1.052079
0.02	4.193031
0.03	9.386240
0.04	16.611683
0.05	25.821366
0.06	36.949853
0.07	49.921715
0.08	64.640738
0.09	80.996280
0.10	98.878166
0.11	118.170280
0.12	138.745491
0.13	160.461145
0.14	183.183041
0.15	206.770891
0.16	231.079581
0.17	255.972623
0.18	281.313043
0.19	306.979454
0.20	332.856009
0.21	358.828486
0.22	384.780576
0.23	410.596580
0.24	436.170833
0.25	461.409675
0.26	486.219661
0.27	510.515724
0.28	534.204238
0.29	557.212844
0.30	579.476582
0.31	600.933431
0.32	621.530569
0.33	641.227954
0.34	659.981364
0.35	677.749020
0.36	694.491510
0.37	710.180966
0.38	724.786513
0.39	738.289471
0.40	750.675408
0.41	761.933625
0.42	772.057611
0.43	781.042820
0.44	788.886573
0.45	795.588758
0.46	801.150861
0.47	805.575518
0.48	808.866194
0.49	811.026935
0.50	812.062349
0.51	811.977315
0.52	810.777420
0.53	808.468895
0.54	805.057606
0.55	800.549490
0.56	794.952119
0.57	788.272384
0.58	780.517467
0.59	771.698136
0.60	761.826478
0.61	750.919308
0.62	738.993587
0.63	726.064650
0.64	712.149334
0.65	697.260410
0.66	681.419624
0.67	664.657030
0.68	647.003526
0.69	628.490655
0.70	609.143339
0.71	589.000716
0.72	568.115715
0.73	546.545237
0.74	524.345377
0.75	501.579315
0.76	478.325052
0.77	454.663315
0.78	430.680247
0.79	406.467274
0.80	382.132067
0.81	357.793036
0.82	333.560651
0.83	309.547082
0.84	285.872541
0.85	262.662574
0.86	240.049046
0.87	218.163391
0.88	197.134721
0.89	177.088008
0.90	158.139166
0.91	140.404224
0.92	124.001611
0.93	109.048667
0.94	95.641024
0.95	83.860482
0.96	73.771123
0.97	65.438306
0.98	58.903635
0.99	54.195146
1.00	51.331460
