0.00	0.000000
0.01	1.202348
0.02	4.788921
0.03	10.721745
0.04	18.939224
0.05	29.358050
0.06	41.875693
0.07	56.373279
0.08	72.720220
0.09	90.778216
0.10	110.405759
0.11	131.472181
0.12	153.849474
0.13	177.405523
0.14	202.003850
0.15	227.508423
0.16	253.780426
0.17	280.679747
0.18	308.061263
0.19	335.773455
0.20	363.657019
0.21	391.552551
0.22	419.290181
0.23	446.698816
0.24	473.612593
0.25	499.905771
0.26	525.487885
0.27	550.285423
0.28	574.235639
0.29	597.284019
0.30	619.383907
0.31	640.495850
0.32	660.587500
0.33	679.632779
0.34	697.611258
0.35	714.507609
0.36	730.310990
0.37	745.014543
0.38	758.614730
0.39	771.110749
0.40	782.503971
0.41	792.797546
0.42	801.995848
0.43	810.103982
0.44	817.127358
0.45	823.071413
0.46	827.941456
0.47	831.742217
0.48	834.477553
0.49	836.150312
0.50	836.762102
0.51	836.313245
0.52	834.802771
0.53	832.228430
0.54	828.586771
0.55	823.873337
0.56	818.082814
0.57	811.209306
0.58	803.246626
0.59	794.188673
0.60	784.029853
0.61	772.765520
0.62	760.392419
0.63	746.909104
0.64	732.316438
0.65	716.618156
0.66	699.821351
0.67	681.937072
0.68	662.980894
0.69	642.973503
0.70	621.941277
0.71	599.917038
0.72	576.940675
0.73	553.059388
0.74	528.328143
0.75	502.811197
0.76	476.589362
0.77	449.768990
0.78	422.482004
0.79	394.878435
0.80	367.111750
0.81	339.340142
0.82	311.722541
0.83	284.417927
0.84	257.588726
0.85	231.388084
0.86	205.960989
0.87	181.447062
0.88	157.982224
0.89	135.696960
0.90	114.719979
0.91	95.182670
0.92	77.220446
0.93	60.973076
0.94	46.577658
0.95	34.163192
0.96	23.846300
0.97	15.727151
0.98	9.886694
0.99	6.384237
1.00	5.255576
