0.00	0.000000
0.01	1.209510
0.02	4.817699
0.03	10.786730
0.04	19.054968
0.05	29.538824
0.06	42.135222
0.07	56.725101
0.08	73.178062
0.09	91.354085
0.10	111.116848
0.11	132.337404
0.12	154.885217
0.13	178.626962
0.14	203.426775
0.15	229.145806
0.16	255.638626
0.17	282.759580
0.18	310.364826
0.19	338.308634
0.20	366.444269
0.21	394.618713
0.22	422.663978
0.23	450.398143
0.24	477.645684
0.25	504.272783
0.26	530.187690
0.27	555.314434
0.28	579.588290
0.29	602.953172
0.30	625.360892
0.31	646.770740
0.32	667.148922
0.33	686.467652
0.34	704.704887
0.35	721.844501
0.36	737.874935
0.37	752.788521
0.38	766.581098
0.39	779.251347
0.40	790.800212
0.41	801.230372
0.42	810.545876
0.43	818.751698
0.44	825.853159
0.45	831.855743
0.46	836.764628
0.47	840.584467
0.48	843.319089
0.49	844.971397
0.50	845.543204
0.51	845.035121
0.52	843.446547
0.53	840.775698
0.54	837.019683
0.55	832.174623
0.56	826.235896
0.57	819.198350
0.58	811.056621
0.59	801.805366
0.60	791.439736
0.61	779.955714
0.62	767.350602
0.63	753.623500
0.64	738.775889
0.65	722.812236
0.66	705.740431
0.67	687.572436
0.68	668.324726
0.69	648.018942
0.70	626.682490
0.71	604.349263
0.72	581.060031
0.73	556.862978
0.74	531.814302
0.75	505.980226
0.76	479.439179
0.77	452.295576
0.78	424.686121
0.79	396.771265
0.80	368.722142
0.81	340.697822
0.82	312.851923
0.83	285.335229
0.84	258.295872
0.85	231.886951
0.86	206.257942
0.87	181.551676
0.88	157.906413
0.89	135.455585
0.90	114.329875
0.91	94.660254
0.92	76.574211
0.93	60.210917
0.94	45.708959
0.95	33.197733
0.96	22.794788
0.97	14.601453
0.98	8.699752
0.99	5.150014
1.00	3.988916
