0.00	0.000000
0.01	1.228860
0.02	4.894923
0.03	10.959635
0.04	19.360018
0.05	30.010615
0.06	42.806043
0.07	57.623982
0.08	74.328087
0.09	92.774199
0.10	112.823651
0.11	134.350081
0.12	157.226096
0.13	181.318690
0.14	206.489324
0.15	232.595204
0.16	259.491591
0.17	287.033935
0.18	315.076682
0.19	343.478382
0.20	372.094485
0.21	400.771055
0.22	429.340290
0.23	457.615779
0.24	485.390533
0.25	512.519596
0.26	538.912396
0.27	564.492330
0.28	589.192894
0.29	612.956413
0.30	635.733632
0.31	657.483230
0.32	678.171266
0.33	697.770585
0.34	716.260187
0.35	733.624587
0.36	749.853156
0.37	764.939480
0.38	778.880723
0.39	791.677008
0.40	803.330826
0.41	813.846480
0.42	823.229553
0.43	831.486426
0.44	838.623831
0.45	844.648454
0.46	849.566583
0.47	853.383807
0.48	856.104771
0.49	857.732954
0.50	858.270584
0.51	857.718491
0.52	856.076116
0.53	853.341515
0.54	849.511465
0.55	844.581579
0.56	838.546510
0.57	831.400198
0.58	823.136165
0.59	813.747865
0.60	803.229080
0.61	791.574363
0.62	778.779521
0.63	764.842142
0.64	749.762151
0.65	733.542402
0.66	716.189294
0.67	697.713406
0.68	678.130147
0.69	657.460406
0.70	635.731198
0.71	612.976300
0.72	589.236842
0.73	564.561871
0.74	539.008838
0.75	512.644015
0.76	485.544644
0.77	457.808375
0.78	429.578369
0.79	401.042469
0.80	372.389335
0.81	343.788952
0.82	315.396942
0.83	287.359488
0.84	259.823117
0.85	232.932766
0.86	206.833870
0.87	181.672938
0.88	157.592074
0.89	134.729293
0.90	113.217471
0.91	93.182386
0.92	74.746228
0.93	58.050060
0.94	43.238497
0.95	30.446832
0.96	19.797255
0.97	11.394823
0.98	5.325005
0.99	1.651406
1.00	0.412806
