0.00	0.000000
0.01	1.233395
0.02	4.912871
0.03	10.999316
0.04	19.429117
0.05	30.116086
0.06	42.954037
0.07	57.819581
0.08	74.576241
0.09	93.085879
0.10	113.213085
0.11	134.823640
0.12	157.785003
0.13	181.961099
0.14	207.212894
0.15	233.398764
0.16	260.373962
0.17	287.993586
0.18	316.113473
0.19	344.588798
0.20	373.271661
0.21	402.007831
0.22	430.630442
0.23	458.952892
0.24	486.780067
0.25	513.959830
0.26	540.393951
0.27	566.005997
0.28	590.729962
0.29	614.508666
0.30	637.293486
0.31	659.043757
0.32	679.726213
0.33	699.314393
0.34	717.788014
0.35	735.132322
0.36	751.337448
0.37	766.397714
0.38	780.311086
0.39	793.078425
0.40	804.703014
0.41	815.189876
0.42	824.545340
0.43	832.776461
0.44	839.890610
0.45	845.895060
0.46	850.796614
0.47	854.601295
0.48	857.314095
0.49	858.938766
0.50	859.477674
0.51	858.931707
0.52	857.300250
0.53	854.581209
0.54	850.771094
0.55	845.865163
0.56	839.857622
0.57	832.741875
0.58	824.510859
0.59	815.157355
0.60	804.674414
0.61	793.055855
0.62	780.296663
0.63	766.393634
0.64	751.345832
0.65	735.155298
0.66	717.827560
0.67	699.372387
0.68	679.804357
0.69	659.143558
0.70	637.416229
0.71	614.655398
0.72	590.901488
0.73	566.202877
0.74	540.616739
0.75	514.214672
0.76	487.089290
0.77	459.354627
0.78	431.146131
0.79	402.621029
0.80	373.947410
0.81	345.295521
0.82	316.827802
0.83	288.701174
0.84	261.070043
0.85	234.085274
0.86	207.893884
0.87	182.639628
0.88	158.464713
0.89	135.508407
0.90	113.908012
0.91	93.792726
0.92	75.288293
0.93	58.535132
0.94	43.674942
0.95	30.842476
0.96	20.159489
0.97	11.730879
0.98	5.641589
0.99	1.954147
1.00	0.706750
