0.00	0.000000
0.01	1.229308
0.02	4.896650
0.03	10.963394
0.04	19.366471
0.05	30.020316
0.06	42.819444
0.07	57.641486
0.08	74.350537
0.09	92.800163
0.10	112.846054
0.11	134.368926
0.12	157.243713
0.13	181.337648
0.14	206.509460
0.15	232.607166
0.16	259.494421
0.17	287.033773
0.18	315.071562
0.19	343.465867
0.20	372.076035
0.21	400.749818
0.22	429.320077
0.23	457.600970
0.24	485.379315
0.25	512.507054
0.26	538.898878
0.27	564.479006
0.28	589.180814
0.29	612.946524
0.30	635.726796
0.31	657.480238
0.32	678.172845
0.33	697.777402
0.34	716.272853
0.35	733.643650
0.36	749.879105
0.37	764.972733
0.38	778.921624
0.39	791.725817
0.40	803.387714
0.41	813.911521
0.42	823.302716
0.43	831.567570
0.44	838.712703
0.45	844.744685
0.46	849.669688
0.47	853.493185
0.48	856.219708
0.49	857.852643
0.50	858.394108
0.51	857.844837
0.52	856.204201
0.53	853.470190
0.54	849.639509
0.55	844.707733
0.56	838.669480
0.57	831.518666
0.58	823.248801
0.59	813.853342
0.60	803.326081
0.61	791.661598
0.62	778.855736
0.63	764.906129
0.64	749.812767
0.65	733.578576
0.66	716.210048
0.67	697.717868
0.68	678.117567
0.69	657.430178
0.70	635.682879
0.71	612.909630
0.72	589.151771
0.73	564.458580
0.74	538.887766
0.75	512.505881
0.76	485.388631
0.77	457.621133
0.78	429.346767
0.79	400.779490
0.80	372.106286
0.81	343.495252
0.82	315.099440
0.83	287.060153
0.84	259.519100
0.85	232.630519
0.86	206.532253
0.87	181.359993
0.88	157.264477
0.89	134.388559
0.90	112.865079
0.91	92.819225
0.92	74.370000
0.93	57.660782
0.94	42.837903
0.95	30.037209
0.96	19.381067
0.97	10.975021
0.98	4.904746
0.99	1.233474
1.00	0.000026
