0.00	0.000000
0.01	1.230233
0.02	4.900324
0.03	10.971619
0.04	19.380994
0.05	30.042811
0.06	42.851480
0.07	57.684489
0.08	74.405705
0.09	92.869372
0.10	112.933648
0.11	134.476108
0.12	157.370442
0.13	181.483208
0.14	206.675487
0.15	232.800639
0.16	259.713937
0.17	287.274174
0.18	315.333536
0.19	343.748986
0.20	372.376788
0.21	401.063812
0.22	429.643200
0.23	457.928772
0.24	485.714050
0.25	512.852629
0.26	539.253593
0.27	564.840520
0.28	589.546931
0.29	613.315206
0.30	636.096164
0.31	657.848582
0.32	678.538630
0.33	698.139273
0.34	716.629640
0.35	733.994373
0.36	750.222975
0.37	765.309157
0.38	779.250201
0.39	792.046340
0.40	803.700165
0.41	814.216065
0.42	823.599697
0.43	831.857499
0.44	838.996248
0.45	845.022655
0.46	849.943018
0.47	853.762919
0.48	856.486979
0.49	858.118644
0.50	858.660082
0.51	858.112051
0.52	856.473913
0.53	853.743630
0.54	849.917861
0.55	844.992105
0.56	838.960891
0.57	831.818022
0.58	823.556880
0.59	814.170775
0.60	803.653347
0.61	791.999003
0.62	779.203411
0.63	765.264021
0.64	750.180631
0.65	733.955977
0.66	716.596352
0.67	698.112246
0.68	678.518995
0.69	657.837435
0.70	636.094556
0.71	613.324130
0.72	589.567314
0.73	564.873210
0.74	539.299360
0.75	512.912156
0.76	485.788452
0.77	458.020279
0.78	429.750207
0.79	401.180588
0.80	372.499544
0.81	343.875188
0.82	315.461357
0.83	287.402380
0.84	259.841954
0.85	232.928515
0.86	206.803586
0.87	181.611095
0.88	157.498275
0.89	134.604657
0.90	113.063861
0.91	93.001798
0.92	74.539561
0.93	57.818967
0.94	42.985732
0.95	30.175872
0.96	19.511833
0.97	11.099206
0.98	5.023693
0.99	1.348530
1.00	0.112546
