0.00	0.000000
0.01	1.229720
0.02	4.898346
0.03	10.967263
0.04	19.373466
0.05	30.031433
0.06	42.835698
0.07	57.663783
0.08	74.379338
0.09	92.839836
0.10	112.908464
0.11	134.456471
0.12	157.354656
0.13	181.469780
0.14	206.663312
0.15	232.792378
0.16	259.711346
0.17	287.274354
0.18	315.337526
0.19	343.758844
0.20	372.392859
0.21	401.085246
0.22	429.667924
0.23	457.952612
0.24	485.740735
0.25	512.887418
0.26	539.296526
0.27	564.890395
0.28	589.602661
0.29	613.375793
0.30	636.160684
0.31	657.916155
0.32	678.608414
0.33	698.210454
0.34	716.701430
0.35	734.066008
0.36	750.293723
0.37	765.378322
0.38	779.317135
0.39	792.110453
0.40	803.760937
0.41	814.273057
0.42	823.652563
0.43	831.905994
0.44	839.040236
0.45	845.062117
0.46	849.978055
0.47	853.793759
0.48	856.513946
0.49	858.142210
0.50	858.680807
0.51	858.130606
0.52	856.491060
0.53	853.760222
0.54	849.934811
0.55	845.010409
0.56	838.981567
0.57	831.842151
0.58	823.585565
0.59	814.205138
0.60	803.694518
0.61	792.048108
0.62	779.261565
0.63	765.332315
0.64	750.260118
0.65	734.047661
0.66	716.701172
0.67	698.231059
0.68	678.652557
0.69	657.986379
0.70	636.259367
0.71	613.505122
0.72	589.764600
0.73	565.086672
0.74	539.528617
0.75	513.156963
0.76	486.051749
0.77	458.317002
0.78	430.095605
0.79	401.563644
0.80	372.906411
0.81	344.295597
0.82	315.888911
0.83	287.834869
0.84	260.278617
0.85	233.367029
0.86	207.247117
0.87	182.065374
0.88	157.963547
0.89	135.080405
0.90	113.549889
0.91	93.497954
0.92	75.048302
0.93	58.341120
0.94	43.519607
0.95	30.718986
0.96	20.061446
0.97	11.651984
0.98	5.575907
0.99	1.896776
1.00	0.653349
