0.00	0.000000
0.01	1.050405
0.02	4.184304
0.03	9.382402
0.04	16.614815
0.05	25.835792
0.06	36.980415
0.07	49.957046
0.08	64.666363
0.09	81.015929
0.10	98.880676
0.11	118.125910
0.12	138.622968
0.13	160.241766
0.14	182.844384
0.15	206.288765
0.16	230.435377
0.17	255.143422
0.18	280.277833
0.19	305.703467
0.20	331.293438
0.21	356.929022
0.22	382.495976
0.23	407.883775
0.24	432.994393
0.25	457.731203
0.26	482.001405
0.27	505.731099
0.28	528.850385
0.29	551.292912
0.30	572.997777
0.31	593.903448
0.32	613.955909
0.33	633.112898
0.34	651.339923
0.35	668.610976
0.36	684.902818
0.37	700.193600
0.38	714.463558
0.39	727.697426
0.40	739.883204
0.41	751.010420
0.42	761.070321
0.43	770.055793
0.44	777.960677
0.45	784.778095
0.46	790.502628
0.47	795.128724
0.48	798.653509
0.49	801.074329
0.50	802.388964
0.51	802.594970
0.52	801.690011
0.53	799.672907
0.54	796.541385
0.55	792.295145
0.56	786.935316
0.57	780.464288
0.58	772.886174
0.59	764.206180
0.60	754.429531
0.61	743.562148
0.62	731.612691
0.63	718.591642
0.64	704.510373
0.65	689.384428
0.66	673.235062
0.67	656.087512
0.68	637.975757
0.69	618.938341
0.70	599.013749
0.71	578.252489
0.72	556.708735
0.73	534.441856
0.74	511.523085
0.75	488.032914
0.76	464.052050
0.77	439.667204
0.78	414.971898
0.79	390.063702
0.80	365.046284
0.81	340.026928
0.82	315.123198
0.83	290.458807
0.84	266.167779
0.85	242.393420
0.86	219.274806
0.87	196.947222
0.88	175.541081
0.89	155.183436
0.90	135.997483
0.91	118.113473
0.92	101.652944
0.93	86.739275
0.94	73.485868
0.95	61.999162
0.96	52.364691
0.97	44.637940
0.98	38.880864
0.99	35.134273
1.00	33.418404
