0.00	0.000000
0.01	1.207778
0.02	4.810634
0.03	10.770508
0.04	19.025579
0.05	29.492180
0.06	42.067252
0.07	56.631441
0.08	73.054116
0.09	91.196387
0.10	110.923638
0.11	132.104916
0.12	154.610786
0.13	178.306515
0.14	203.057333
0.15	228.726258
0.16	255.171617
0.17	282.247991
0.18	309.810393
0.19	337.714124
0.20	365.811044
0.21	393.949022
0.22	421.958403
0.23	449.654980
0.24	476.861198
0.25	503.444884
0.26	529.317283
0.27	554.404123
0.28	578.641177
0.29	601.972450
0.30	624.349671
0.31	645.732086
0.32	666.085854
0.33	685.383530
0.34	703.602915
0.35	720.727354
0.36	736.745120
0.37	751.648534
0.38	765.433328
0.39	778.098026
0.40	789.643409
0.41	800.072029
0.42	809.387694
0.43	817.595138
0.44	824.699611
0.45	830.706416
0.46	835.620576
0.47	839.446563
0.48	842.188061
0.49	843.847785
0.50	844.427357
0.51	843.927278
0.52	842.346862
0.53	839.684243
0.54	835.936465
0.55	831.099614
0.56	825.169006
0.57	818.139491
0.58	810.005680
0.59	800.762269
0.60	790.404414
0.61	778.928142
0.62	766.330807
0.63	752.611612
0.64	737.772186
0.65	721.816971
0.66	704.753951
0.67	686.595192
0.68	667.357264
0.69	647.061914
0.70	625.736652
0.71	603.415491
0.72	580.139312
0.73	555.956390
0.74	530.922922
0.75	505.105015
0.76	478.583769
0.77	451.469015
0.78	423.896021
0.79	396.018043
0.80	368.003652
0.81	340.010514
0.82	312.193254
0.83	284.704638
0.84	257.695103
0.85	231.317426
0.86	205.721010
0.87	181.047669
0.88	157.434026
0.89	135.012840
0.90	113.914278
0.91	94.267845
0.92	76.201618
0.93	59.856888
0.94	45.371635
0.95	32.874867
0.96	22.483363
0.97	14.297747
0.98	8.399388
0.99	4.847983
1.00	3.679700
