0.00	0.000000
0.01	1.229394
0.02	4.897001
0.03	10.964181
0.04	19.367852
0.05	30.022448
0.06	42.822466
0.07	57.645527
0.08	74.355704
0.09	92.806536
0.10	112.853821
0.11	134.378203
0.12	157.254577
0.13	181.350080
0.14	206.523183
0.15	232.622749
0.16	259.511737
0.17	287.052367
0.18	315.091718
0.19	343.487507
0.20	372.099080
0.21	400.774207
0.22	429.345772
0.23	457.627967
0.24	485.407694
0.25	512.536776
0.26	538.929832
0.27	564.511081
0.28	589.213899
0.29	612.980510
0.30	635.761578
0.31	657.515716
0.32	678.208922
0.33	697.813988
0.34	716.309864
0.35	733.681009
0.36	749.916742
0.37	765.010586
0.38	778.959638
0.39	791.763944
0.40	803.425916
0.41	813.949765
0.42	823.340976
0.43	831.605829
0.44	838.750949
0.45	844.782910
0.46	849.707895
0.47	853.531370
0.48	856.257878
0.49	857.890808
0.50	858.432278
0.51	857.883025
0.52	856.242417
0.53	853.508441
0.54	849.677809
0.55	844.746084
0.56	838.707883
0.57	831.557113
0.58	823.287288
0.59	813.891854
0.60	803.364600
0.61	791.700096
0.62	778.894180
0.63	764.944479
0.64	749.850974
0.65	733.616588
0.66	716.247802
0.67	697.755296
0.68	678.154595
0.69	657.466724
0.70	635.718857
0.71	612.944949
0.72	589.186335
0.73	564.492291
0.74	538.920522
0.75	512.537580
0.76	485.419169
0.77	457.650458
0.78	429.374944
0.79	400.806514
0.80	372.132119
0.81	343.519837
0.82	315.122703
0.83	287.082022
0.84	259.539718
0.85	232.649543
0.86	206.549558
0.87	181.376040
0.88	157.279129
0.89	134.401737
0.90	112.876859
0.91	92.829719
0.92	74.379388
0.93	57.669139
0.94	42.845327
0.95	30.043816
0.96	19.386987
0.97	10.980397
0.98	4.909731
0.99	1.238227
1.00	0.004713
