0.00	0.000000
0.01	1.220313
0.02	4.860792
0.03	10.883222
0.04	19.225186
0.05	29.802016
0.06	42.509325
0.07	57.225881
0.08	73.817819
0.09	92.142002
0.10	112.057978
0.11	133.438130
0.12	156.155977
0.13	180.079191
0.14	205.070867
0.15	230.989099
0.16	257.688447
0.17	285.025249
0.18	312.853157
0.19	341.026891
0.20	369.399988
0.21	397.819296
0.22	426.116624
0.23	454.110024
0.24	481.604995
0.25	508.460372
0.26	534.588147
0.27	559.912861
0.28	584.369194
0.29	607.900434
0.30	630.458064
0.31	652.001291
0.32	672.496444
0.33	691.916458
0.34	710.240401
0.35	727.452762
0.36	743.542811
0.37	758.503928
0.38	772.332988
0.39	785.029726
0.40	796.596263
0.41	807.036499
0.42	816.355644
0.43	824.559741
0.44	831.655191
0.45	837.648370
0.46	842.545273
0.47	846.351224
0.48	849.070639
0.49	850.706787
0.50	851.261740
0.51	850.736203
0.52	849.129538
0.53	846.439763
0.54	842.663671
0.55	837.796939
0.56	831.834336
0.57	824.769966
0.58	816.597568
0.59	807.310860
0.60	796.903929
0.61	785.371664
0.62	772.710238
0.63	758.917615
0.64	743.994134
0.65	727.943028
0.66	710.771049
0.67	692.489093
0.68	673.112762
0.69	652.663013
0.70	631.166820
0.71	608.657882
0.72	585.176987
0.73	560.772657
0.74	535.501644
0.75	509.429279
0.76	482.631347
0.77	455.199412
0.78	427.278666
0.79	399.053465
0.80	370.700402
0.81	342.384297
0.82	314.263528
0.83	286.486836
0.84	259.201404
0.85	232.555176
0.86	206.692162
0.87	181.759341
0.88	157.897398
0.89	135.241146
0.90	113.921478
0.91	94.066727
0.92	75.801254
0.93	59.266338
0.94	44.604464
0.95	31.949070
0.96	21.420513
0.97	13.122512
0.98	7.139191
0.99	3.532546
1.00	2.340512
