0.00	0.000000
0.01	1.201809
0.02	4.786878
0.03	10.717329
0.04	18.931699
0.05	29.346801
0.06	41.860240
0.07	56.353066
0.08	72.695466
0.09	90.750345
0.10	110.378757
0.11	131.446839
0.12	153.824484
0.13	177.380067
0.14	201.977468
0.15	227.480897
0.16	253.752574
0.17	280.651496
0.18	308.032351
0.19	335.744800
0.20	363.631705
0.21	391.532677
0.22	419.277938
0.23	446.693609
0.24	473.612863
0.25	499.909775
0.26	525.494937
0.27	550.296216
0.28	574.250920
0.29	597.304552
0.30	619.410428
0.31	640.528968
0.32	660.627445
0.33	679.679659
0.34	697.665062
0.35	714.568146
0.36	730.377902
0.37	745.087211
0.38	758.692311
0.39	771.192219
0.40	782.588171
0.41	792.883059
0.42	802.080991
0.43	810.187028
0.44	817.206668
0.45	823.145411
0.46	828.008428
0.47	831.800456
0.48	834.525301
0.49	836.185820
0.50	836.783731
0.51	836.319485
0.52	834.792261
0.53	832.199988
0.54	828.539430
0.55	823.806323
0.56	817.995615
0.57	811.101633
0.58	803.118466
0.59	794.040239
0.60	783.861568
0.61	772.578094
0.62	760.186796
0.63	746.686468
0.64	732.078193
0.65	716.365913
0.66	699.556924
0.67	681.662453
0.68	662.698238
0.69	642.685102
0.70	621.649527
0.71	599.624371
0.72	576.649630
0.73	552.772459
0.74	528.048074
0.75	502.541288
0.76	476.334146
0.77	449.534173
0.78	422.270977
0.79	394.692202
0.80	366.951554
0.81	339.206619
0.82	311.614142
0.83	284.332999
0.84	257.525851
0.85	231.346956
0.86	205.942073
0.87	181.450791
0.88	158.008135
0.89	135.743993
0.90	114.787408
0.91	95.267921
0.92	77.319519
0.93	61.083375
0.94	46.695960
0.95	34.286756
0.96	23.972021
0.97	15.851609
0.98	10.006222
0.99	6.494963
1.00	5.353558
