0.00	0.000000
0.01	1.149927
0.02	4.580126
0.03	10.255652
0.04	18.113814
0.05	28.077365
0.06	40.061729
0.07	53.957159
0.08	69.646232
0.09	87.007403
0.10	105.918404
0.11	126.250188
0.12	147.865460
0.13	170.626592
0.14	194.389448
0.15	219.004761
0.16	244.330308
0.17	270.224863
0.18	296.530679
0.19	323.096207
0.20	349.775257
0.21	376.426786
0.22	402.923854
0.23	429.141919
0.24	454.971997
0.25	480.314646
0.26	505.076507
0.27	529.176600
0.28	552.543343
0.29	575.113311
0.30	596.826422
0.31	617.633316
0.32	637.496643
0.33	656.385420
0.34	674.272572
0.35	691.135115
0.36	706.954684
0.37	721.717459
0.38	735.411891
0.39	748.028788
0.40	759.561474
0.41	770.005243
0.42	779.358268
0.43	787.618521
0.44	794.784899
0.45	800.857682
0.46	805.837360
0.47	809.725598
0.48	812.524140
0.49	814.234306
0.50	814.856657
0.51	814.391468
0.52	812.839103
0.53	810.200046
0.54	806.474457
0.55	801.662687
0.56	795.764884
0.57	788.781645
0.58	780.713546
0.59	771.561915
0.60	761.328522
0.61	750.016609
0.62	737.631470
0.63	724.179865
0.64	709.671987
0.65	694.120010
0.66	677.539683
0.67	659.953229
0.68	641.387210
0.69	621.872701
0.70	601.446601
0.71	580.150309
0.72	558.034689
0.73	535.154614
0.74	511.576776
0.75	487.383144
0.76	462.663215
0.77	437.515292
0.78	412.041133
0.79	386.340851
0.80	360.519905
0.81	334.694464
0.82	308.988284
0.83	283.523494
0.84	258.432460
0.85	233.857726
0.86	209.942545
0.87	186.836661
0.88	164.686683
0.89	143.634882
0.90	123.825849
0.91	105.397630
0.92	88.482856
0.93	73.206795
0.94	59.688687
0.95	48.035334
0.96	38.339848
0.97	30.678195
0.98	25.114312
0.99	21.695358
1.00	20.449442
