0.00	0.000000
0.01	1.221719
0.02	4.866060
0.03	10.893334
0.04	19.241084
0.05	29.824853
0.06	42.540411
0.07	57.265578
0.08	73.866776
0.09	92.207767
0.10	112.151578
0.11	133.568540
0.12	156.330325
0.13	180.305117
0.14	205.356535
0.15	231.347036
0.16	258.138211
0.17	285.588104
0.18	313.552168
0.19	341.883319
0.20	370.429104
0.21	399.027267
0.22	427.501357
0.23	455.658940
0.24	483.326167
0.25	510.370067
0.26	536.686756
0.27	562.195543
0.28	586.830067
0.29	610.532960
0.30	633.255186
0.31	654.955489
0.32	675.599941
0.33	695.161351
0.34	713.618611
0.35	730.956062
0.36	747.162853
0.37	762.232304
0.38	776.161279
0.39	788.949576
0.40	800.599346
0.41	811.114536
0.42	820.500373
0.43	828.762879
0.44	835.908433
0.45	841.943379
0.46	846.873674
0.47	850.704596
0.48	853.440497
0.49	855.084613
0.50	855.638918
0.51	855.104043
0.52	853.479279
0.53	850.762554
0.54	846.950572
0.55	842.038913
0.56	836.022250
0.57	828.894590
0.58	820.649575
0.59	811.280827
0.60	800.782345
0.61	789.148945
0.62	776.376740
0.63	762.463658
0.64	747.409993
0.65	731.218992
0.66	713.897455
0.67	695.456367
0.68	675.911527
0.69	655.284190
0.70	633.601702
0.71	610.898112
0.72	587.214758
0.73	562.600806
0.74	537.113729
0.75	510.819773
0.76	483.799144
0.77	456.157661
0.78	428.033264
0.79	399.603507
0.80	371.055625
0.81	342.562288
0.82	314.282306
0.83	286.366647
0.84	258.960189
0.85	232.205687
0.86	206.245530
0.87	181.220236
0.88	157.268787
0.89	134.526260
0.90	113.122821
0.91	93.186709
0.92	74.849263
0.93	58.245642
0.94	43.516871
0.95	30.797835
0.96	20.209618
0.97	11.856970
0.98	5.824403
0.99	2.174162
1.00	0.944346
