0.00	0.000000
0.01	1.208301
0.02	4.813283
0.03	10.776051
0.04	19.034414
0.05	29.507287
0.06	42.094674
0.07	56.684114
0.08	73.153367
0.09	91.375967
0.10	111.219895
0.11	132.548370
0.12	155.221414
0.13	179.098808
0.14	204.042744
0.15	229.913345
0.16	256.568715
0.17	283.864639
0.18	311.655329
0.19	339.789567
0.20	368.107048
0.21	396.432264
0.22	424.588039
0.23	452.421420
0.24	479.798165
0.25	506.596837
0.26	532.708291
0.27	558.036773
0.28	582.504725
0.29	606.054674
0.30	628.637955
0.31	650.213867
0.32	670.748728
0.33	690.215146
0.34	708.591639
0.35	725.861937
0.36	742.014380
0.37	757.041323
0.38	770.938630
0.39	783.705073
0.40	795.341749
0.41	805.851563
0.42	815.238770
0.43	823.508554
0.44	830.666519
0.45	836.718301
0.46	841.669236
0.47	845.524164
0.48	848.287079
0.49	849.960905
0.50	850.547364
0.51	850.046885
0.52	848.458730
0.53	845.780878
0.54	842.010156
0.55	837.142352
0.56	831.172424
0.57	824.094756
0.58	815.903455
0.59	806.592734
0.60	796.157363
0.61	784.592974
0.62	771.896560
0.63	758.066975
0.64	743.105484
0.65	727.016468
0.66	709.807925
0.67	691.492053
0.68	672.086230
0.69	651.613147
0.70	630.101171
0.71	607.585918
0.72	584.112900
0.73	559.737874
0.74	534.525185
0.75	508.554551
0.76	481.925905
0.77	454.750969
0.78	427.152091
0.79	399.260135
0.80	371.215229
0.81	343.176093
0.82	315.301772
0.83	287.751625
0.84	260.682500
0.85	234.243613
0.86	208.583963
0.87	183.848111
0.88	160.174617
0.89	137.698394
0.90	116.553162
0.91	96.867881
0.92	78.775014
0.93	62.410095
0.94	47.903215
0.95	35.378355
0.96	24.951723
0.97	16.723382
0.98	10.773609
0.99	7.161283
1.00	5.922232
