0.00	0.000000
0.01	1.229282
0.02	4.896546
0.03	10.963163
0.04	19.366058
0.05	30.019676
0.06	42.818536
0.07	57.640275
0.08	74.348993
0.09	92.798264
0.10	112.843778
0.11	134.366241
0.12	157.240598
0.13	181.334097
0.14	206.505558
0.15	232.602764
0.16	259.489563
0.17	287.028603
0.18	315.065995
0.19	343.459929
0.20	372.069751
0.21	400.743208
0.22	429.313150
0.23	457.593723
0.24	485.371734
0.25	512.499162
0.26	538.890710
0.27	564.470598
0.28	589.172197
0.29	612.937729
0.30	635.717854
0.31	657.471175
0.32	678.163686
0.33	697.768170
0.34	716.263568
0.35	733.634330
0.36	749.869763
0.37	764.963384
0.38	778.912276
0.39	791.716479
0.40	803.378392
0.41	813.902217
0.42	823.293431
0.43	831.558305
0.44	838.703455
0.45	844.735451
0.46	849.660461
0.47	853.483959
0.48	856.210474
0.49	857.843396
0.50	858.384841
0.51	857.835539
0.52	856.194865
0.53	853.460807
0.54	849.630078
0.55	844.698244
0.56	838.659927
0.57	831.509047
0.58	823.239115
0.59	813.843588
0.60	803.316263
0.61	791.651718
0.62	778.845800
0.63	764.896147
0.64	749.802749
0.65	733.568536
0.66	716.200001
0.67	697.707832
0.68	678.107563
0.69	657.420228
0.70	635.673010
0.71	612.899867
0.72	589.142145
0.73	564.449121
0.74	538.878506
0.75	512.496854
0.76	485.379872
0.77	457.612679
0.78	429.338619
0.79	400.771654
0.80	372.098772
0.81	343.488079
0.82	315.092631
0.83	287.053735
0.84	259.513011
0.85	232.624878
0.86	206.527100
0.87	181.355321
0.88	157.260261
0.89	134.384798
0.90	112.861755
0.91	92.816306
0.92	74.367440
0.93	57.658558
0.94	42.835984
0.95	30.035559
0.96	19.379644
0.97	10.973777
0.98	4.903632
0.99	1.232433
1.00	-0.000994
