0.00	0.000000
0.01	1.230548
0.02	4.901433
0.03	10.973568
0.04	19.383448
0.05	30.045118
0.06	42.852723
0.07	57.683411
0.08	74.400899
0.09	92.861799
0.10	112.926686
0.11	134.469041
0.12	157.362041
0.13	181.472093
0.14	206.660303
0.15	232.784587
0.16	259.703443
0.17	287.274083
0.18	315.352362
0.19	343.791221
0.20	372.439631
0.21	401.138824
0.22	429.718542
0.23	457.989369
0.24	485.761442
0.25	512.895405
0.26	539.290584
0.27	564.868305
0.28	589.562500
0.29	613.316225
0.30	636.080946
0.31	657.816052
0.32	678.488296
0.33	698.071194
0.34	716.544391
0.35	733.893015
0.36	750.107016
0.37	765.180520
0.38	779.111188
0.39	791.899594
0.40	803.548632
0.41	814.062949
0.42	823.448422
0.43	831.711660
0.44	838.859561
0.45	844.898911
0.46	849.836028
0.47	853.676459
0.48	856.424731
0.49	858.084161
0.50	858.656699
0.51	858.142855
0.52	856.541694
0.53	853.850827
0.54	850.066532
0.55	845.183880
0.56	839.196947
0.57	832.099062
0.58	823.883120
0.59	814.541933
0.60	804.068639
0.61	792.457151
0.62	779.702651
0.63	765.802119
0.64	750.754901
0.65	734.563301
0.66	717.233207
0.67	698.774727
0.68	679.202842
0.69	658.538060
0.70	636.807062
0.71	614.043339
0.72	590.287783
0.73	565.589246
0.74	540.005029
0.75	513.602230
0.76	486.462576
0.77	458.691843
0.78	430.433839
0.79	401.868148
0.80	373.177941
0.81	344.533117
0.82	316.090004
0.83	287.999398
0.84	260.410516
0.85	233.468203
0.86	207.317958
0.87	182.103273
0.88	157.966622
0.89	135.046672
0.90	113.477517
0.91	93.387541
0.92	74.906910
0.93	58.175555
0.94	43.335774
0.95	30.522484
0.96	19.858103
0.97	11.447943
0.98	5.377306
0.99	1.708960
1.00	0.481184
