0.00	0.000000
0.01	1.220371
0.02	4.860992
0.03	10.883614
0.04	19.225785
0.05	29.802797
0.06	42.510229
0.07	57.226884
0.08	73.818486
0.09	92.141780
0.10	112.055829
0.11	133.433496
0.12	156.148503
0.13	180.068839
0.14	205.058230
0.15	230.974582
0.16	257.671907
0.17	285.006951
0.18	312.834052
0.19	341.007920
0.20	369.381896
0.21	397.802737
0.22	426.102045
0.23	454.096916
0.24	481.591669
0.25	508.446382
0.26	534.573255
0.27	559.897197
0.28	584.352894
0.29	607.883635
0.30	630.440907
0.31	651.983924
0.32	672.478986
0.33	691.899081
0.34	710.223305
0.35	727.436186
0.36	743.526993
0.37	758.489102
0.38	772.319370
0.39	785.017526
0.40	796.585699
0.41	807.027773
0.42	816.348945
0.43	824.555232
0.44	831.653015
0.45	837.648639
0.46	842.548072
0.47	846.356606
0.48	849.078613
0.49	850.717358
0.50	851.274847
0.51	850.751753
0.52	849.147412
0.53	846.459797
0.54	842.685667
0.55	837.820661
0.56	831.859511
0.57	824.796288
0.58	816.624697
0.59	807.338422
0.60	796.931521
0.61	785.398857
0.62	772.736575
0.63	758.942614
0.64	744.017256
0.65	727.963735
0.66	710.788781
0.67	692.503288
0.68	673.122863
0.69	652.668469
0.70	631.167052
0.71	608.652249
0.72	585.164924
0.73	560.753606
0.74	535.475070
0.75	509.394688
0.76	482.588141
0.77	455.146658
0.78	427.213180
0.79	398.974003
0.80	370.606844
0.81	342.277680
0.82	314.144368
0.83	286.356454
0.84	259.059891
0.85	232.402900
0.86	206.529128
0.87	181.584463
0.88	157.711282
0.89	135.044167
0.90	113.713811
0.91	93.848399
0.92	75.572249
0.93	59.026732
0.94	44.354463
0.95	31.689044
0.96	21.150887
0.97	12.843773
0.98	6.851874
0.99	3.237223
1.00	2.037781
