0.00	0.000000
0.01	1.228663
0.02	4.894082
0.03	10.957655
0.04	19.356355
0.05	30.004686
0.06	42.797242
0.07	57.611754
0.08	74.312425
0.09	92.752625
0.10	112.788504
0.11	134.300152
0.12	157.162574
0.13	181.243283
0.14	206.401880
0.15	232.489666
0.16	259.367100
0.17	286.895301
0.18	314.923676
0.19	343.308911
0.20	371.909775
0.21	400.573945
0.22	429.134146
0.23	457.404206
0.24	485.171953
0.25	512.290012
0.26	538.672602
0.27	564.243977
0.28	588.937535
0.29	612.695514
0.30	635.468582
0.31	657.215349
0.32	677.901804
0.33	697.500723
0.34	715.991034
0.35	733.357174
0.36	749.588433
0.37	764.678301
0.38	778.623846
0.39	791.425082
0.40	803.084385
0.41	813.605935
0.42	822.995187
0.43	831.258389
0.44	838.402140
0.45	844.432990
0.46	849.357093
0.47	853.179912
0.48	855.905964
0.49	857.538631
0.50	858.080026
0.51	857.530885
0.52	855.890580
0.53	853.157105
0.54	849.327184
0.55	844.396398
0.56	838.359383
0.57	831.210076
0.58	822.942009
0.59	813.548661
0.60	803.023852
0.61	791.362187
0.62	778.559536
0.63	764.613562
0.64	749.524280
0.65	733.294644
0.66	715.931167
0.67	697.444557
0.68	677.850363
0.69	657.169632
0.70	635.429551
0.71	612.664083
0.72	588.914569
0.73	564.230276
0.74	538.668896
0.75	512.296956
0.76	485.190126
0.77	457.434051
0.78	429.171750
0.79	400.615499
0.80	371.952752
0.81	343.351786
0.82	314.965753
0.83	286.936378
0.84	259.406944
0.85	232.528762
0.86	206.440962
0.87	181.282088
0.88	157.200514
0.89	134.337655
0.90	112.826112
0.91	92.790959
0.92	74.351614
0.93	57.651175
0.94	42.836167
0.95	30.042320
0.96	19.391897
0.97	10.990354
0.98	4.923298
0.99	1.253910
1.00	0.020987
