0.00	0.000000
0.01	1.210257
0.02	4.865207
0.03	10.926700
0.04	19.332274
0.05	29.997032
0.06	42.816213
0.07	57.668209
0.08	74.417877
0.09	92.919898
0.10	113.026235
0.11	134.613516
0.12	157.558740
0.13	181.730893
0.14	206.990617
0.15	233.188282
0.16	260.184687
0.17	287.840694
0.18	316.003250
0.19	344.531286
0.20	373.282369
0.21	402.101773
0.22	430.819179
0.23	459.244681
0.24	487.161093
0.25	514.431516
0.26	540.969830
0.27	566.699284
0.28	591.552321
0.29	615.470280
0.30	638.403004
0.31	660.308349
0.32	681.151636
0.33	700.905055
0.34	719.547029
0.35	737.061574
0.36	753.437638
0.37	768.668450
0.38	782.750878
0.39	795.684810
0.40	807.472554
0.41	818.118275
0.42	827.627463
0.43	836.006440
0.44	843.261914
0.45	849.400574
0.46	854.428743
0.47	858.352037
0.48	861.175183
0.49	862.901736
0.50	863.533993
0.51	863.072880
0.52	861.517917
0.53	858.867255
0.54	855.117721
0.55	850.265005
0.56	844.303779
0.57	837.228016
0.58	829.031224
0.59	819.706819
0.60	809.248513
0.61	797.650753
0.62	784.909209
0.63	771.021288
0.64	755.986705
0.65	739.808064
0.66	722.491480
0.67	704.047220
0.68	684.490348
0.69	663.841384
0.70	642.126957
0.71	619.380437
0.72	595.642545
0.73	570.961909
0.74	545.395568
0.75	519.009394
0.76	491.878400
0.77	464.086937
0.78	435.749119
0.79	407.075328
0.80	378.263458
0.81	349.488860
0.82	320.910353
0.83	292.673642
0.84	264.917765
0.85	237.796640
0.86	211.452771
0.87	186.022028
0.88	161.651593
0.89	138.485466
0.90	116.656454
0.91	96.289408
0.92	77.504257
0.93	60.444563
0.94	45.256963
0.95	32.078451
0.96	21.033179
0.97	12.229118
0.98	5.754973
0.99	1.677491
1.00	0.039475
