0.00	0.000000
0.01	1.210938
0.02	4.867927
0.03	10.932818
0.04	19.343113
0.05	30.013880
0.06	42.840298
0.07	57.700665
0.08	74.459673
0.09	92.972447
0.10	113.093389
0.11	134.696787
0.12	157.657916
0.13	181.845189
0.14	207.121507
0.15	233.341933
0.16	260.360514
0.17	288.034822
0.18	316.216494
0.19	344.762953
0.20	373.528774
0.21	402.358377
0.22	431.081620
0.23	459.507500
0.24	487.428799
0.25	514.707361
0.26	541.252244
0.27	566.986168
0.28	591.841719
0.29	615.760386
0.30	638.692161
0.31	660.595056
0.32	681.434554
0.33	701.183006
0.34	719.819007
0.35	737.326741
0.36	753.695329
0.37	768.918174
0.38	782.992319
0.39	795.917824
0.40	807.697168
0.41	818.334683
0.42	827.836020
0.43	836.207653
0.44	843.456436
0.45	849.589188
0.46	854.612344
0.47	858.531640
0.48	861.351866
0.49	863.076659
0.50	863.708359
0.51	863.247913
0.52	861.694848
0.53	859.047293
0.54	855.302049
0.55	850.454732
0.56	844.499959
0.57	837.431591
0.58	829.243033
0.59	819.927575
0.60	809.478793
0.61	797.890989
0.62	785.159674
0.63	771.282095
0.64	756.257794
0.65	740.089204
0.66	722.782263
0.67	704.347056
0.68	684.798468
0.69	664.156839
0.70	642.448616
0.71	619.706991
0.72	595.972507
0.73	571.293619
0.74	545.727188
0.75	519.338936
0.76	492.204207
0.77	464.411569
0.78	436.082785
0.79	407.411965
0.80	378.597353
0.81	349.814436
0.82	321.222475
0.83	292.969317
0.84	265.198046
0.85	238.057298
0.86	211.691309
0.87	186.242885
0.88	161.859469
0.89	138.680307
0.90	116.838083
0.91	96.458532
0.92	77.663518
0.93	60.595341
0.94	45.399930
0.95	32.214454
0.96	21.163109
0.97	12.353879
0.98	5.875456
0.99	1.794593
1.00	0.154044
