0.00	0.000000
0.01	1.211026
0.02	4.868251
0.03	10.933522
0.04	19.344313
0.05	30.015669
0.06	42.842743
0.07	57.703801
0.08	74.463514
0.09	92.976847
0.10	113.098095
0.11	134.701869
0.12	157.663684
0.13	181.851669
0.14	207.128382
0.15	233.347599
0.16	260.365752
0.17	288.040302
0.18	316.222746
0.19	344.770074
0.20	373.537134
0.21	402.368510
0.22	431.094081
0.23	459.523276
0.24	487.446418
0.25	514.725983
0.26	541.271685
0.27	567.006375
0.28	591.862637
0.29	615.781960
0.30	638.714339
0.31	660.617786
0.32	681.457787
0.33	701.206694
0.34	719.843104
0.35	737.351204
0.36	753.720118
0.37	768.943250
0.38	783.017646
0.39	795.943369
0.40	807.722899
0.41	818.360571
0.42	827.862035
0.43	836.233769
0.44	843.482626
0.45	849.615426
0.46	854.638603
0.47	858.557897
0.48	861.378103
0.49	863.102832
0.50	863.734451
0.51	863.273898
0.52	861.720703
0.53	859.072987
0.54	855.327557
0.55	850.480028
0.56	844.525015
0.57	837.456380
0.58	829.267525
0.59	819.951742
0.60	809.502605
0.61	797.914414
0.62	785.182679
0.63	771.304644
0.64	756.279851
0.65	740.110728
0.66	722.803213
0.67	704.367388
0.68	684.818136
0.69	664.175794
0.70	642.466809
0.71	619.724373
0.72	595.989028
0.73	571.309234
0.74	545.741862
0.75	519.352623
0.76	492.216615
0.77	464.421523
0.78	436.090524
0.79	407.418104
0.80	378.602286
0.81	349.818470
0.82	321.225666
0.83	292.971385
0.84	265.198554
0.85	238.056813
0.86	211.689765
0.87	186.239556
0.88	161.854454
0.89	138.673821
0.90	116.830369
0.91	96.449673
0.92	77.653272
0.93	60.583843
0.94	45.387379
0.95	32.201008
0.96	21.148953
0.97	12.339218
0.98	5.860510
0.99	1.779592
1.00	0.139226
