0.00	0.000000
0.01	1.210181
0.02	4.864844
0.03	10.925841
0.04	19.330712
0.05	29.994613
0.06	42.812851
0.07	57.663895
0.08	74.412606
0.09	92.914021
0.10	113.024330
0.11	134.616454
0.12	157.565135
0.13	181.739208
0.14	207.001535
0.15	233.209949
0.16	260.219467
0.17	287.884571
0.18	316.057074
0.19	344.594202
0.20	373.349774
0.21	402.167407
0.22	430.875877
0.23	459.282533
0.24	487.186908
0.25	514.451842
0.26	540.984834
0.27	566.707842
0.28	591.553491
0.29	615.463303
0.30	638.387289
0.31	660.283464
0.32	681.117302
0.33	700.861135
0.34	719.493527
0.35	736.998622
0.36	753.365496
0.37	768.587496
0.38	782.661607
0.39	795.587826
0.40	807.368565
0.41	818.008085
0.42	827.511967
0.43	835.886617
0.44	843.138817
0.45	849.275317
0.46	854.302487
0.47	858.226002
0.48	861.050592
0.49	862.779841
0.50	863.416044
0.51	862.960097
0.52	861.411503
0.53	858.768357
0.54	855.027439
0.55	850.184351
0.56	844.233703
0.57	837.169356
0.58	828.984721
0.59	819.673103
0.60	809.228096
0.61	797.644027
0.62	784.916436
0.63	771.042605
0.64	756.022111
0.65	739.857427
0.66	722.554531
0.67	704.123549
0.68	684.579404
0.69	663.942473
0.70	642.239237
0.71	619.502914
0.72	595.774069
0.73	571.101168
0.74	545.541084
0.75	519.159509
0.76	492.031947
0.77	464.247913
0.78	435.933852
0.79	407.277136
0.80	378.475484
0.81	349.704757
0.82	321.124505
0.83	292.882694
0.84	265.124561
0.85	237.997701
0.86	211.646652
0.87	186.216219
0.88	161.848998
0.89	138.683957
0.90	116.854327
0.91	96.485654
0.92	77.701014
0.93	60.642657
0.94	45.456097
0.95	32.278516
0.96	21.233953
0.97	12.430236
0.98	5.955902
0.99	1.877565
1.00	0.237865
