0.00	0.000000
0.01	1.209458
0.02	4.861997
0.03	10.919503
0.04	19.319538
0.05	29.977284
0.06	42.788087
0.07	57.630477
0.08	74.369419
0.09	92.859336
0.10	112.953501
0.11	134.527421
0.12	157.458204
0.13	181.614597
0.14	206.857548
0.15	233.042944
0.16	260.028480
0.17	287.672517
0.18	315.824787
0.19	344.342855
0.20	373.083355
0.21	401.891228
0.22	430.595700
0.23	459.005497
0.24	486.907837
0.25	514.165527
0.26	540.691893
0.27	566.410240
0.28	591.253047
0.29	615.161682
0.30	638.086000
0.31	659.983862
0.32	680.820579
0.33	700.568324
0.34	719.205496
0.35	736.716078
0.36	753.088979
0.37	768.317384
0.38	782.398115
0.39	795.331008
0.40	807.118320
0.41	817.764161
0.42	827.273967
0.43	835.654007
0.44	842.910938
0.45	849.051397
0.46	854.081654
0.47	858.007301
0.48	860.833003
0.49	862.562285
0.50	863.197423
0.51	862.739303
0.52	861.187439
0.53	858.539954
0.54	854.793682
0.55	849.944285
0.56	843.986472
0.57	836.914201
0.58	828.721000
0.59	819.400304
0.60	808.945849
0.61	797.352110
0.62	784.614785
0.63	770.731320
0.64	755.701461
0.65	739.527850
0.66	722.216640
0.67	703.778133
0.68	684.227428
0.69	663.585076
0.70	641.877733
0.71	619.138790
0.72	595.408981
0.73	570.736941
0.74	545.179705
0.75	518.803128
0.76	491.682196
0.77	463.901247
0.78	435.577132
0.79	406.916200
0.80	378.116768
0.81	349.354229
0.82	320.787386
0.83	292.562142
0.84	264.820830
0.85	237.713057
0.86	211.382148
0.87	185.968303
0.88	161.615740
0.89	138.465734
0.90	116.651283
0.91	96.297075
0.92	77.523931
0.93	60.474949
0.94	45.296840
0.95	32.126667
0.96	21.088451
0.97	12.290042
0.98	5.820031
0.99	1.745094
1.00	0.107937
