0.00	0.000000
0.01	1.209404
0.02	4.861806
0.03	10.919122
0.04	19.318937
0.05	29.976454
0.06	42.787031
0.07	57.629201
0.08	74.367973
0.09	92.857802
0.10	112.951372
0.11	134.524494
0.12	157.454307
0.13	181.610050
0.14	206.852818
0.15	233.037081
0.16	260.020987
0.17	287.664111
0.18	315.814842
0.19	344.331156
0.20	373.070212
0.21	401.877100
0.22	430.581221
0.23	458.991742
0.24	486.894467
0.25	514.152229
0.26	540.678597
0.27	566.396859
0.28	591.239483
0.29	615.147821
0.30	638.071720
0.31	659.969028
0.32	680.805052
0.33	700.551958
0.34	719.188143
0.35	736.697589
0.36	753.069206
0.37	768.296182
0.38	782.375345
0.39	795.306538
0.40	807.092027
0.41	817.735931
0.42	827.243699
0.43	835.621614
0.44	842.876347
0.45	849.014553
0.46	854.042517
0.47	857.965848
0.48	860.789231
0.49	862.516222
0.50	863.149099
0.51	862.688776
0.52	861.134788
0.53	858.485277
0.54	854.737100
0.55	849.885944
0.56	843.926525
0.57	836.852825
0.58	828.658387
0.59	819.336661
0.60	808.881398
0.61	797.287083
0.62	784.549427
0.63	770.665881
0.64	755.636198
0.65	739.463026
0.66	722.152518
0.67	703.714978
0.68	684.165501
0.69	663.524637
0.70	641.819035
0.71	619.082083
0.72	595.354504
0.73	570.684927
0.74	545.130378
0.75	518.756703
0.76	491.638879
0.77	463.861208
0.78	435.538937
0.79	406.879622
0.80	378.081702
0.81	349.320722
0.82	320.755613
0.83	292.532253
0.84	264.792468
0.85	237.686546
0.86	211.357639
0.87	185.943914
0.88	161.591272
0.89	138.442307
0.90	116.629092
0.91	96.276283
0.92	77.504157
0.93	60.456135
0.94	45.279042
0.95	32.109734
0.96	21.072225
0.97	12.274368
0.98	5.804763
0.99	1.730108
1.00	0.093135
