0.00	0.000000
0.01	1.201441
0.02	4.831228
0.03	10.851640
0.04	19.200885
0.05	29.794995
0.06	42.530339
0.07	57.286588
0.08	73.930133
0.09	92.319429
0.10	112.312815
0.11	133.780878
0.12	156.594582
0.13	180.622196
0.14	205.726684
0.15	231.768312
0.16	258.604014
0.17	286.084874
0.18	314.063783
0.19	342.393587
0.20	370.924341
0.21	399.499039
0.22	427.944984
0.23	456.079924
0.24	483.718683
0.25	510.723058
0.26	537.001121
0.27	562.476660
0.28	587.083728
0.29	610.765047
0.30	633.471609
0.31	655.162196
0.32	675.802726
0.33	695.365882
0.34	713.830593
0.35	731.181229
0.36	747.406954
0.37	762.501092
0.38	776.460511
0.39	789.284988
0.40	800.976656
0.41	811.539547
0.42	820.978976
0.43	829.301049
0.44	836.512311
0.45	842.619284
0.46	847.628111
0.47	851.544254
0.48	854.372242
0.49	856.115475
0.50	856.776078
0.51	856.354805
0.52	854.851027
0.53	852.262744
0.54	848.586666
0.55	843.818355
0.56	837.952421
0.57	830.982757
0.58	822.902846
0.59	813.706102
0.60	803.386262
0.61	791.937825
0.62	779.356525
0.63	765.639845
0.64	750.787611
0.65	734.802589
0.66	717.690972
0.67	699.463026
0.68	680.133715
0.69	659.723339
0.70	638.258158
0.71	615.770997
0.72	592.301831
0.73	567.898385
0.74	542.616569
0.75	516.520841
0.76	489.685532
0.77	462.205032
0.78	434.212336
0.79	405.878092
0.80	377.380855
0.81	348.889575
0.82	320.566673
0.83	292.565926
0.84	265.036859
0.85	238.129619
0.86	211.991445
0.87	186.768991
0.88	162.602606
0.89	139.627028
0.90	117.972650
0.91	97.766326
0.92	79.135341
0.93	62.222139
0.94	47.169706
0.95	34.112775
0.96	23.173558
0.97	14.458148
0.98	8.053547
0.99	4.025073
1.00	2.414363
