0.00	0.000000
0.01	1.203976
0.02	4.839732
0.03	10.868630
0.04	19.229305
0.05	29.837873
0.06	42.589747
0.07	57.364653
0.08	74.028832
0.09	92.443244
0.10	112.470165
0.11	133.978694
0.12	156.838833
0.13	180.918225
0.14	206.081876
0.15	232.192075
0.16	259.108279
0.17	286.689208
0.18	314.794573
0.19	343.277145
0.20	371.983183
0.21	400.750963
0.22	429.404457
0.23	457.747704
0.24	485.596331
0.25	512.817830
0.26	539.311593
0.27	564.999231
0.28	589.813549
0.29	613.696127
0.30	636.596932
0.31	658.473854
0.32	679.292164
0.33	699.023935
0.34	717.647423
0.35	735.146434
0.36	751.509677
0.37	766.730127
0.38	780.804388
0.39	793.732083
0.40	805.515263
0.41	816.157850
0.42	825.665105
0.43	834.043146
0.44	841.298500
0.45	847.437701
0.46	852.466937
0.47	856.391746
0.48	859.216762
0.49	860.945516
0.50	861.580294
0.51	861.122027
0.52	859.570304
0.53	856.923342
0.54	853.178091
0.55	848.330367
0.56	842.375034
0.57	835.306249
0.58	827.117753
0.59	817.803217
0.60	807.356635
0.61	795.772755
0.62	783.047562
0.63	769.178796
0.64	754.166500
0.65	738.013609
0.66	720.726555
0.67	702.315895
0.68	682.796950
0.69	662.190450
0.70	640.523172
0.71	617.828558
0.72	594.147312
0.73	569.527939
0.74	544.027238
0.75	517.710703
0.76	490.654717
0.77	462.955985
0.78	434.735495
0.79	406.161982
0.80	377.435105
0.81	348.736612
0.82	320.233151
0.83	292.079524
0.84	264.422280
0.85	237.404546
0.86	211.169493
0.87	185.858611
0.88	161.610248
0.89	138.559883
0.90	116.839645
0.91	96.574886
0.92	77.893342
0.93	60.933294
0.94	45.835347
0.95	32.735159
0.96	21.755950
0.97	13.004102
0.98	6.566648
0.99	2.509667
1.00	0.876322
