0.00	0.000000
0.01	1.210205
0.02	4.864983
0.03	10.926207
0.04	19.331385
0.05	29.995626
0.06	42.814177
0.07	57.665445
0.08	74.414308
0.09	92.915441
0.10	113.021233
0.11	134.608033
0.12	157.552815
0.13	181.724069
0.14	206.981401
0.15	233.178771
0.16	260.175331
0.17	287.831099
0.18	315.993917
0.19	344.522225
0.20	373.273413
0.21	402.092645
0.22	430.809470
0.23	459.233587
0.24	487.148876
0.25	514.418384
0.26	540.955911
0.27	566.684714
0.28	591.537246
0.29	615.454852
0.30	638.387380
0.31	660.292689
0.32	681.136104
0.33	700.889810
0.34	719.532233
0.35	737.047385
0.36	753.424208
0.37	768.655927
0.38	782.739403
0.39	795.674515
0.40	807.463563
0.41	818.110703
0.42	827.621412
0.43	836.002002
0.44	843.259168
0.45	849.399589
0.46	854.429565
0.47	858.354720
0.48	861.179743
0.49	862.908195
0.50	863.542351
0.51	863.083116
0.52	861.530013
0.53	858.881160
0.54	855.133397
0.55	850.282380
0.56	844.322794
0.57	837.248584
0.58	829.053256
0.59	819.730219
0.60	809.273178
0.61	797.676578
0.62	784.936083
0.63	771.049101
0.64	756.015343
0.65	739.837415
0.66	722.521435
0.67	704.077669
0.68	684.521186
0.69	663.872511
0.70	642.158277
0.71	619.411860
0.72	595.673984
0.73	570.993283
0.74	545.426804
0.75	519.040419
0.76	491.909148
0.77	464.117341
0.78	435.779949
0.79	407.106751
0.80	378.295572
0.81	349.521677
0.82	320.943813
0.83	292.707624
0.84	264.953566
0.85	237.833466
0.86	211.490381
0.87	186.061385
0.88	161.692225
0.89	138.526991
0.90	116.698704
0.91	96.332178
0.92	77.547512
0.93	60.488272
0.94	45.301094
0.95	32.122969
0.96	21.078043
0.97	12.274274
0.98	5.800346
0.99	1.723010
1.00	0.085026
