0.00	0.000000
0.01	1.209432
0.02	4.861907
0.03	10.919328
0.04	19.319274
0.05	29.976932
0.06	42.787648
0.07	57.629935
0.08	74.368797
0.09	92.858942
0.10	112.952338
0.11	134.525306
0.12	157.454948
0.13	181.610534
0.14	206.853965
0.15	233.036875
0.16	260.019120
0.17	287.660609
0.18	315.810069
0.19	344.325270
0.20	373.063484
0.21	401.869884
0.22	430.573968
0.23	458.985340
0.24	486.887898
0.25	514.145182
0.26	540.671046
0.27	566.388777
0.28	591.230840
0.29	615.138589
0.30	638.061871
0.31	659.958537
0.32	680.793894
0.33	700.540113
0.34	719.175594
0.35	736.684321
0.36	753.055209
0.37	768.281450
0.38	782.359874
0.39	795.290330
0.40	807.075085
0.41	817.718265
0.42	827.225321
0.43	835.602538
0.44	842.856590
0.45	848.994136
0.46	854.021463
0.47	857.944183
0.48	860.766987
0.49	862.493420
0.50	863.125768
0.51	862.664953
0.52	861.110502
0.53	858.460571
0.54	854.711990
0.55	849.860471
0.56	843.900721
0.57	836.826720
0.58	828.632012
0.59	819.310045
0.60	808.854565
0.61	797.260058
0.62	784.522230
0.63	770.638530
0.64	755.608709
0.65	739.435410
0.66	722.124784
0.67	703.687130
0.68	684.137542
0.69	663.496567
0.70	641.790853
0.71	619.053784
0.72	595.326085
0.73	570.656384
0.74	545.101710
0.75	518.727910
0.76	491.609968
0.77	463.832199
0.78	435.509676
0.79	406.849985
0.80	378.051605
0.81	349.290139
0.82	320.724570
0.83	292.500701
0.84	264.758954
0.85	237.651743
0.86	211.321966
0.87	185.906263
0.88	161.552584
0.89	138.402761
0.90	116.588785
0.91	96.235349
0.92	77.462515
0.93	60.413921
0.94	45.236364
0.95	32.066683
0.96	21.028894
0.97	12.230846
0.98	5.761140
0.99	1.686482
1.00	0.049579
