0.00	0.000000
0.01	1.209409
0.02	4.861829
0.03	10.919163
0.04	19.318992
0.05	29.976512
0.06	42.787091
0.07	57.629228
0.08	74.367953
0.09	92.857838
0.10	112.951124
0.11	134.523956
0.12	157.453391
0.13	181.608827
0.14	206.852064
0.15	233.035575
0.16	260.018243
0.17	287.659902
0.18	315.809758
0.19	344.325358
0.20	373.063854
0.21	401.870394
0.22	430.574450
0.23	458.985420
0.24	486.888226
0.25	514.145879
0.26	540.672112
0.27	566.390212
0.28	591.232644
0.29	615.140761
0.30	638.064407
0.31	659.961431
0.32	680.797139
0.33	700.543699
0.34	719.179507
0.35	736.688547
0.36	753.059730
0.37	768.286245
0.38	782.364922
0.39	795.295612
0.40	807.080560
0.41	817.723918
0.42	827.231111
0.43	835.608445
0.44	842.862574
0.45	849.000173
0.46	854.027519
0.47	857.950227
0.48	860.772980
0.49	862.499336
0.50	863.131581
0.51	862.670640
0.52	861.116032
0.53	858.465916
0.54	854.717144
0.55	849.865409
0.56	843.905422
0.57	836.831173
0.58	828.636201
0.59	819.313972
0.60	808.858216
0.61	797.263446
0.62	784.525343
0.63	770.641390
0.64	755.611309
0.65	739.437772
0.66	722.126924
0.67	703.689068
0.68	684.139301
0.69	663.498170
0.70	641.792326
0.71	619.055154
0.72	595.327382
0.73	570.657634
0.74	545.102940
0.75	518.729146
0.76	491.611231
0.77	463.833512
0.78	435.511114
0.79	406.851475
0.80	378.053114
0.81	349.291632
0.82	320.726010
0.83	292.502073
0.84	264.760537
0.85	237.653301
0.86	211.323449
0.87	185.908451
0.88	161.555251
0.89	138.405705
0.90	116.592046
0.91	96.238844
0.92	77.466408
0.93	60.418075
0.94	45.240689
0.95	32.071112
0.96	21.033385
0.97	12.235334
0.98	5.765577
0.99	1.690802
1.00	0.053739
