0.00	0.000000
0.01	1.210942
0.02	4.867940
0.03	10.932870
0.04	19.343249
0.05	30.014163
0.06	42.840809
0.07	57.701499
0.08	74.460927
0.09	92.974211
0.10	113.095998
0.11	134.700220
0.12	157.662241
0.13	181.850508
0.14	207.127778
0.15	233.349539
0.16	260.369981
0.17	288.046041
0.18	316.228672
0.19	344.775814
0.20	373.542065
0.21	402.371878
0.22	431.095000
0.23	459.520247
0.24	487.441314
0.25	514.720196
0.26	541.265592
0.27	567.000010
0.28	591.856030
0.29	615.775139
0.30	638.707325
0.31	660.610599
0.32	681.450439
0.33	701.199195
0.34	719.835461
0.35	737.343419
0.36	753.712189
0.37	768.935176
0.38	783.009422
0.39	795.934989
0.40	807.714358
0.41	818.351863
0.42	827.853157
0.43	836.224718
0.44	843.473403
0.45	849.606034
0.46	854.629050
0.47	858.548194
0.48	861.368264
0.49	863.092882
0.50	863.724411
0.51	863.263797
0.52	861.710576
0.53	859.062872
0.54	855.317498
0.55	850.470071
0.56	844.515211
0.57	837.446784
0.58	829.258197
0.59	819.942743
0.60	809.494002
0.61	797.906277
0.62	785.175081
0.63	771.297662
0.64	756.273565
0.65	740.105221
0.66	722.798569
0.67	704.363693
0.68	684.815479
0.69	664.174263
0.70	642.466490
0.71	619.725351
0.72	595.991384
0.73	571.313039
0.74	545.747182
0.75	519.359510
0.76	492.225302
0.77	464.433007
0.78	436.104099
0.79	407.433296
0.80	378.618953
0.81	349.836455
0.82	321.245026
0.83	292.992827
0.84	265.223124
0.85	238.084073
0.86	211.719629
0.87	186.273037
0.88	161.890786
0.89	138.712690
0.90	116.871367
0.91	96.492629
0.92	77.698324
0.93	60.630704
0.94	45.435782
0.95	32.250695
0.96	21.199652
0.97	12.390652
0.98	5.912402
0.99	1.831671
1.00	0.191232
