0.00	0.000000
0.01	1.191397
0.02	4.789866
0.03	10.757750
0.04	19.033574
0.05	29.533944
0.06	42.156041
0.07	56.780424
0.08	73.275242
0.09	91.501045
0.10	111.315949
0.11	132.584427
0.12	155.181251
0.13	178.977114
0.14	203.837959
0.15	229.625831
0.16	256.199144
0.17	283.408811
0.18	311.105965
0.19	339.142201
0.20	367.365440
0.21	395.618110
0.22	423.733019
0.23	451.527051
0.24	478.823002
0.25	505.490760
0.26	531.441763
0.27	556.601829
0.28	580.906025
0.29	604.298237
0.30	626.730232
0.31	648.161574
0.32	668.558934
0.33	687.895432
0.34	706.150043
0.35	723.307109
0.36	739.355651
0.37	754.288725
0.38	768.102826
0.39	780.797305
0.40	792.373815
0.41	802.835754
0.42	812.187698
0.43	820.435127
0.44	827.584083
0.45	833.640653
0.46	838.610577
0.47	842.498962
0.48	845.310028
0.49	847.046911
0.50	847.711545
0.51	847.304530
0.52	845.825175
0.53	843.271460
0.54	839.640144
0.55	834.926914
0.56	829.126558
0.57	822.233218
0.58	814.240685
0.59	805.142737
0.60	794.933527
0.61	783.608008
0.62	771.162419
0.63	757.594823
0.64	742.905578
0.65	727.097938
0.66	710.178629
0.67	692.158339
0.68	673.052360
0.69	652.881188
0.70	631.671124
0.71	609.454851
0.72	586.272068
0.73	562.170268
0.74	537.204814
0.75	511.439572
0.76	484.951104
0.77	457.831663
0.78	430.215442
0.79	402.268283
0.80	374.153446
0.81	346.028679
0.82	318.048707
0.83	290.372600
0.84	263.157074
0.85	236.557373
0.86	210.726186
0.87	185.807677
0.88	161.939301
0.89	139.253957
0.90	117.879171
0.91	97.937698
0.92	79.559223
0.93	62.886888
0.94	48.061816
0.95	35.216057
0.96	24.468941
0.97	15.923921
0.98	9.665647
0.99	5.757452
1.00	4.239383
