0.00	0.000000
0.01	1.201065
0.02	4.828558
0.03	10.844752
0.04	19.187865
0.05	29.773920
0.06	42.499289
0.07	57.243640
0.08	73.873384
0.09	92.246121
0.10	112.217728
0.11	133.658358
0.12	156.442658
0.13	180.440083
0.14	205.515978
0.15	231.530001
0.16	258.334712
0.17	285.784994
0.18	313.734456
0.19	342.037200
0.20	370.545637
0.21	399.104060
0.22	427.540794
0.23	455.670117
0.24	483.296522
0.25	510.287301
0.26	536.554083
0.27	562.020739
0.28	586.621065
0.29	610.297505
0.30	633.000760
0.31	654.689315
0.32	675.328801
0.33	694.891676
0.34	713.356525
0.35	730.707446
0.36	746.933358
0.37	762.027357
0.38	775.986080
0.39	788.809111
0.40	800.498487
0.41	811.058053
0.42	820.493034
0.43	828.809506
0.44	836.013943
0.45	842.112814
0.46	847.112241
0.47	851.017692
0.48	853.833709
0.49	855.563766
0.50	856.210062
0.51	855.773467
0.52	854.253489
0.53	851.648289
0.54	847.954748
0.55	843.168647
0.56	837.284806
0.57	830.297356
0.58	822.200020
0.59	812.986463
0.60	802.650673
0.61	791.187402
0.62	778.592631
0.63	764.864084
0.64	750.001772
0.65	734.008599
0.66	716.890930
0.67	698.659236
0.68	679.328656
0.69	658.919638
0.70	637.458567
0.71	614.978445
0.72	591.519521
0.73	567.129649
0.74	541.864914
0.75	515.789961
0.76	488.978906
0.77	461.518380
0.78	433.532480
0.79	405.204290
0.80	376.717719
0.81	348.242966
0.82	319.942323
0.83	291.967901
0.84	264.466821
0.85	237.588445
0.86	211.477836
0.87	186.281123
0.88	162.140974
0.89	139.191796
0.90	117.563686
0.91	97.384640
0.92	78.779585
0.93	61.890418
0.94	46.860147
0.95	33.823436
0.96	22.902430
0.97	14.203273
0.98	7.813089
0.99	3.797382
1.00	2.197979
