0.00	0.000000
0.01	1.201887
0.02	4.831720
0.03	10.851707
0.04	19.199989
0.05	29.792562
0.06	42.525763
0.07	57.279246
0.08	73.919575
0.09	92.305265
0.10	112.294987
0.11	133.758005
0.12	156.565636
0.13	180.586304
0.14	205.684157
0.15	231.719033
0.16	258.547085
0.17	286.019494
0.18	313.988963
0.19	342.307912
0.20	370.826813
0.21	399.387988
0.22	427.819429
0.23	455.939760
0.24	483.564349
0.25	510.556903
0.26	536.823960
0.27	562.288776
0.28	586.885425
0.29	610.556665
0.30	633.253512
0.31	654.934716
0.32	675.566233
0.33	695.120863
0.34	713.577469
0.35	730.920410
0.36	747.138852
0.37	762.226120
0.38	776.179081
0.39	788.997535
0.40	800.683596
0.41	811.241254
0.42	820.675837
0.43	828.993448
0.44	836.200600
0.45	842.303811
0.46	847.309226
0.47	851.222307
0.48	854.047573
0.49	855.788428
0.50	856.446995
0.51	856.024016
0.52	854.518870
0.53	851.929544
0.54	848.252749
0.55	843.484042
0.56	837.618025
0.57	830.648586
0.58	822.569208
0.59	813.373296
0.60	803.054581
0.61	791.607555
0.62	779.027968
0.63	765.313348
0.64	750.463551
0.65	734.481305
0.66	717.372781
0.67	699.148225
0.68	679.822586
0.69	659.416144
0.70	637.955133
0.71	615.472353
0.72	592.007755
0.73	567.609036
0.74	542.332074
0.75	516.241327
0.76	489.413121
0.77	461.942559
0.78	433.961044
0.79	405.638058
0.80	377.150012
0.81	348.665538
0.82	320.347312
0.83	292.349938
0.84	264.824512
0.85	237.921203
0.86	211.787811
0.87	186.570415
0.88	162.408931
0.89	139.438112
0.90	117.788784
0.91	97.588450
0.92	78.964398
0.93	62.058710
0.94	47.014235
0.95	33.965414
0.96	23.034344
0.97	14.327001
0.98	7.930280
0.99	3.909423
1.00	2.305993
