0.00	0.000000
0.01	1.200680
0.02	4.826909
0.03	10.840842
0.04	19.180562
0.05	29.762014
0.06	42.481523
0.07	57.218718
0.08	73.840320
0.09	92.204067
0.10	112.166649
0.11	133.597318
0.12	156.370648
0.13	180.356165
0.14	205.417647
0.15	231.413008
0.16	258.200663
0.17	285.637069
0.18	313.573650
0.19	341.864784
0.20	370.361880
0.21	398.908437
0.22	427.332286
0.23	455.448760
0.24	483.062448
0.25	510.040317
0.26	536.294449
0.27	561.748975
0.28	586.337777
0.29	610.003369
0.30	632.696510
0.31	654.375717
0.32	675.006661
0.33	694.561841
0.34	713.019847
0.35	730.364705
0.36	746.585308
0.37	761.674737
0.38	775.629630
0.39	788.449574
0.40	800.136505
0.41	810.694215
0.42	820.127854
0.43	828.443389
0.44	835.647249
0.45	841.745868
0.46	846.745330
0.47	850.651063
0.48	853.467592
0.49	855.198342
0.50	855.845490
0.51	855.409872
0.52	853.890980
0.53	851.286945
0.54	847.594638
0.55	842.809818
0.56	836.927294
0.57	829.941187
0.58	821.845214
0.59	812.633036
0.60	802.298644
0.61	790.836791
0.62	778.243465
0.63	764.516433
0.64	749.655761
0.65	733.664387
0.66	716.548736
0.67	698.319274
0.68	678.991151
0.69	658.584832
0.70	637.126723
0.71	614.649838
0.72	591.194437
0.73	566.808426
0.74	541.547892
0.75	515.477485
0.76	488.671502
0.77	461.216934
0.78	433.240273
0.79	404.923677
0.80	376.449674
0.81	347.986506
0.82	319.695339
0.83	291.729180
0.84	264.236269
0.85	237.368337
0.86	211.270789
0.87	186.085740
0.88	161.954559
0.89	139.014017
0.90	117.394426
0.91	97.223122
0.92	78.626932
0.93	61.747592
0.94	46.727774
0.95	33.701589
0.96	22.791076
0.97	14.102252
0.98	7.722121
0.99	3.716069
1.00	2.125840
