0.00	0.000000
0.01	1.208513
0.02	4.858222
0.03	10.911023
0.04	19.304544
0.05	29.954065
0.06	42.755056
0.07	57.586197
0.08	74.312598
0.09	92.789191
0.10	112.872435
0.11	134.433739
0.12	157.348974
0.13	181.486527
0.14	206.708329
0.15	232.872640
0.16	259.837960
0.17	287.463086
0.18	315.605587
0.19	344.120346
0.20	372.858530
0.21	401.661959
0.22	430.359013
0.23	458.757176
0.24	486.653379
0.25	513.907028
0.26	540.428977
0.27	566.142660
0.28	590.980667
0.29	614.884461
0.30	637.803977
0.31	659.697140
0.32	680.529322
0.33	700.272742
0.34	718.905844
0.35	736.412646
0.36	752.782090
0.37	768.007391
0.38	782.085398
0.39	795.015972
0.40	806.801392
0.41	817.445792
0.42	826.954627
0.43	835.334185
0.44	842.591141
0.45	848.732142
0.46	853.763473
0.47	857.690732
0.48	860.518587
0.49	862.250577
0.50	862.888965
0.51	862.434631
0.52	860.887081
0.53	858.244429
0.54	854.503491
0.55	849.659922
0.56	843.708401
0.57	836.642875
0.58	828.456853
0.59	819.143755
0.60	808.697303
0.61	797.111956
0.62	784.383408
0.63	770.509093
0.64	755.488752
0.65	739.325022
0.66	722.024050
0.67	703.596129
0.68	684.056352
0.69	663.425256
0.70	641.729477
0.71	619.002382
0.72	595.284665
0.73	570.624912
0.74	545.080094
0.75	518.715984
0.76	491.607468
0.77	463.839713
0.78	435.538695
0.79	406.897096
0.80	378.112224
0.81	349.360409
0.82	320.801922
0.83	292.588537
0.84	264.865187
0.85	237.774898
0.86	211.461139
0.87	186.068332
0.88	161.736643
0.89	138.603712
0.90	116.803851
0.91	96.462057
0.92	77.703040
0.93	60.668257
0.94	45.503197
0.95	32.344622
0.96	21.316333
0.97	12.525980
0.98	6.061972
0.99	1.990855
1.00	0.355244
