0.00	0.000000
0.01	1.210541
0.02	4.866301
0.03	10.929066
0.04	19.336303
0.05	30.003073
0.06	42.824572
0.07	57.679153
0.08	74.431616
0.09	92.937876
0.10	113.054139
0.11	134.651664
0.12	157.605700
0.13	181.784021
0.14	207.047555
0.15	233.253677
0.16	260.259948
0.17	287.923464
0.18	316.100319
0.19	344.645537
0.20	373.410966
0.21	402.239484
0.22	430.960215
0.23	459.381570
0.24	487.299487
0.25	514.575677
0.26	541.118406
0.27	566.850339
0.28	591.704147
0.29	615.621389
0.30	638.552113
0.31	660.454372
0.32	681.293676
0.33	701.042393
0.34	719.679125
0.35	737.188053
0.36	753.558288
0.37	768.783215
0.38	782.859854
0.39	795.788237
0.40	807.570811
0.41	818.211870
0.42	827.717025
0.43	836.092711
0.44	843.345736
0.45	849.482879
0.46	854.510523
0.47	858.434367
0.48	861.259154
0.49	862.988481
0.50	863.624650
0.51	863.168563
0.52	861.619725
0.53	858.976226
0.54	855.234844
0.55	850.391172
0.56	844.439807
0.57	837.374600
0.58	829.188945
0.59	819.876130
0.60	809.429727
0.61	797.844049
0.62	785.114615
0.63	771.238681
0.64	756.215806
0.65	740.048438
0.66	722.742535
0.67	704.308198
0.68	684.760331
0.69	664.119288
0.70	642.411530
0.71	619.670256
0.72	595.936008
0.73	571.257236
0.74	545.690791
0.75	519.302350
0.76	492.167699
0.77	464.376805
0.78	436.055243
0.79	407.390796
0.80	378.579159
0.81	349.796860
0.82	321.203987
0.83	292.950813
0.84	265.183669
0.85	238.048843
0.86	211.691266
0.87	186.252710
0.88	161.875162
0.89	138.699058
0.90	116.858941
0.91	96.480566
0.92	77.688595
0.93	60.624837
0.94	45.434019
0.95	32.252934
0.96	21.205670
0.97	12.400101
0.98	5.924820
0.99	1.846487
1.00	0.207799
