0.00	0.000000
0.01	1.201151
0.02	4.828897
0.03	10.845458
0.04	19.188951
0.05	29.775321
0.06	42.500862
0.07	57.245186
0.08	73.874541
0.09	92.246302
0.10	112.217192
0.11	133.657359
0.12	156.440981
0.13	180.437510
0.14	205.511924
0.15	231.521653
0.16	258.323133
0.17	285.772900
0.18	313.723496
0.19	342.030174
0.20	370.543922
0.21	399.108541
0.22	427.552707
0.23	455.689599
0.24	483.320181
0.25	510.313660
0.26	536.582429
0.27	562.050942
0.28	586.653018
0.29	610.331123
0.30	633.035977
0.31	654.726034
0.32	675.366980
0.33	694.931332
0.34	713.397674
0.35	730.750097
0.36	746.977514
0.37	762.073015
0.38	776.033250
0.39	788.857822
0.40	800.548675
0.41	811.109656
0.42	820.545940
0.43	828.863523
0.44	836.068868
0.45	842.168437
0.46	847.168344
0.47	851.074046
0.48	853.890099
0.49	855.619956
0.50	856.265816
0.51	855.828540
0.52	854.307643
0.53	851.701270
0.54	848.006322
0.55	843.218559
0.56	837.332806
0.57	830.343191
0.58	822.243440
0.59	813.027216
0.60	802.688513
0.61	791.222084
0.62	778.623917
0.63	764.891745
0.64	750.025593
0.65	734.028393
0.66	716.906545
0.67	698.670536
0.68	679.335517
0.69	658.921955
0.70	637.456259
0.71	614.971434
0.72	591.507756
0.73	567.113098
0.74	541.843508
0.75	515.763673
0.76	488.947437
0.77	461.481660
0.78	433.490837
0.79	405.158695
0.80	376.668519
0.81	348.190675
0.82	319.886795
0.83	291.908620
0.84	264.403628
0.85	237.522400
0.86	211.409881
0.87	186.210454
0.88	162.067668
0.89	139.116051
0.90	117.485549
0.91	97.303575
0.92	78.695077
0.93	61.802600
0.94	46.769200
0.95	33.729651
0.96	22.806120
0.97	14.104766
0.98	7.712721
0.99	3.695477
1.00	2.094859
