0.00	0.000000
0.01	1.201073
0.02	4.828620
0.03	10.844897
0.04	19.188067
0.05	29.774156
0.06	42.499479
0.07	57.243705
0.08	73.873197
0.09	92.245527
0.10	112.216577
0.11	133.656581
0.12	156.440128
0.13	180.436732
0.14	205.511739
0.15	231.524780
0.16	258.328400
0.17	285.777778
0.18	313.726583
0.19	342.029011
0.20	370.537351
0.21	399.096070
0.22	427.533470
0.23	455.663406
0.24	483.289835
0.25	510.280269
0.26	536.546533
0.27	562.012682
0.28	586.612517
0.29	610.288489
0.30	632.991304
0.31	654.679454
0.32	675.318574
0.33	694.881118
0.34	713.345675
0.35	730.696343
0.36	746.922039
0.37	762.015859
0.38	775.974438
0.39	788.797356
0.40	800.486643
0.41	811.046139
0.42	820.481069
0.43	828.797512
0.44	836.001915
0.45	842.100769
0.46	847.100167
0.47	851.005588
0.48	853.821574
0.49	855.551575
0.50	856.197796
0.51	855.761104
0.52	854.240997
0.53	851.635632
0.54	847.941899
0.55	843.155551
0.56	837.271426
0.57	830.283632
0.58	822.185911
0.59	812.971898
0.60	802.635604
0.61	791.171767
0.62	778.576370
0.63	764.847137
0.64	749.984079
0.65	733.990105
0.66	716.871586
0.67	698.638996
0.68	679.307478
0.69	658.897480
0.70	637.435396
0.71	614.954229
0.72	591.494235
0.73	567.103272
0.74	541.837428
0.75	515.761360
0.76	488.949233
0.77	461.487840
0.78	433.501262
0.79	405.172522
0.80	376.685499
0.81	348.210267
0.82	319.908940
0.83	291.933683
0.84	264.431703
0.85	237.552450
0.86	211.440938
0.87	186.243164
0.88	162.102197
0.89	139.152336
0.90	117.523718
0.91	97.344191
0.92	78.738753
0.93	61.849331
0.94	46.818909
0.95	33.782144
0.96	22.861159
0.97	14.162082
0.98	7.771995
0.99	3.756389
1.00	2.157065
