0.00	0.000000
0.01	1.132691
0.02	4.503057
0.03	10.088708
0.04	17.844401
0.05	27.708653
0.06	39.600018
0.07	53.421536
0.08	69.056599
0.09	86.374154
0.10	105.233641
0.11	125.486102
0.12	146.979764
0.13	169.563660
0.14	193.088124
0.15	217.394454
0.16	242.323617
0.17	267.724974
0.18	293.459517
0.19	319.400249
0.20	345.428655
0.21	371.426933
0.22	397.285206
0.23	422.903696
0.24	448.190633
0.25	473.057815
0.26	497.426086
0.27	521.218398
0.28	544.356185
0.29	566.772484
0.30	588.404948
0.31	609.202148
0.32	629.121974
0.33	648.127237
0.34	666.187224
0.35	683.279274
0.36	699.381616
0.37	714.472424
0.38	728.533209
0.39	741.547765
0.40	753.504340
0.41	764.392540
0.42	774.203864
0.43	782.931176
0.44	790.567213
0.45	797.106488
0.46	802.543809
0.47	806.871438
0.48	810.084153
0.49	812.178082
0.50	813.151677
0.51	813.004006
0.52	811.734279
0.53	809.341983
0.54	805.827481
0.55	801.191586
0.56	795.435660
0.57	788.562113
0.58	780.575165
0.59	771.481420
0.60	761.287941
0.61	750.004063
0.62	737.641104
0.63	724.213349
0.64	709.738046
0.65	694.239174
0.66	677.745413
0.67	660.291769
0.68	641.919913
0.69	622.676058
0.70	602.607797
0.71	581.771535
0.72	560.228530
0.73	538.035499
0.74	515.253470
0.75	491.947789
0.76	468.195825
0.77	444.088950
0.78	419.713260
0.79	395.155559
0.80	370.518049
0.81	345.906771
0.82	321.444757
0.83	297.256193
0.84	273.467067
0.85	250.201949
0.86	227.593388
0.87	205.780214
0.88	184.901591
0.89	165.087278
0.90	146.463786
0.91	129.159820
0.92	113.303313
0.93	99.018263
0.94	86.402168
0.95	75.558227
0.96	66.587667
0.97	59.560336
0.98	54.533145
0.99	51.537420
1.00	50.585390
