0.00	0.000000
0.01	1.052264
0.02	4.182350
0.03	9.379899
0.04	16.609746
0.05	25.821806
0.06	36.963049
0.07	49.968358
0.08	64.735363
0.09	81.149844
0.10	99.107067
0.11	118.490748
0.12	139.160866
0.13	160.987923
0.14	183.839386
0.15	207.570660
0.16	232.033081
0.17	257.092413
0.18	282.626325
0.19	308.500244
0.20	334.585745
0.21	360.761127
0.22	386.902415
0.23	412.890564
0.24	438.629110
0.25	464.021858
0.26	488.969282
0.27	513.377538
0.28	537.154265
0.29	560.207554
0.30	582.471341
0.31	603.899555
0.32	624.443710
0.33	644.056685
0.34	662.691214
0.35	680.309511
0.36	696.873350
0.37	712.351874
0.38	726.722371
0.39	739.969465
0.40	752.080022
0.41	763.049293
0.42	772.874754
0.43	781.556375
0.44	789.097885
0.45	795.502042
0.46	800.772775
0.47	804.917040
0.48	807.943126
0.49	809.860780
0.50	810.680043
0.51	810.410191
0.52	809.059333
0.53	806.637170
0.54	803.153939
0.55	798.620579
0.56	793.046840
0.57	786.441457
0.58	778.808414
0.59	770.155134
0.60	760.494512
0.61	749.839987
0.62	738.204563
0.63	725.602456
0.64	712.039633
0.65	697.525069
0.66	682.081385
0.67	665.735425
0.68	648.516028
0.69	630.451387
0.70	611.567578
0.71	591.890162
0.72	571.461609
0.73	550.329728
0.74	528.551566
0.75	506.201138
0.76	483.375874
0.77	460.163119
0.78	436.663087
0.79	412.974141
0.80	389.196598
0.81	365.433157
0.82	341.792099
0.83	318.389948
0.84	295.336879
0.85	272.756067
0.86	250.784407
0.87	229.543620
0.88	209.161349
0.89	189.760896
0.90	171.451454
0.91	154.337052
0.92	138.501185
0.93	124.025420
0.94	110.998368
0.95	99.484461
0.96	89.530892
0.97	81.180342
0.98	74.465628
0.99	69.418126
1.00	66.065801
