0.00	0.000000
0.01	1.282890
0.02	5.088450
0.03	11.377013
0.04	20.083603
0.05	31.121269
0.06	44.382060
0.07	59.738742
0.08	77.051751
0.09	96.177662
0.10	116.971103
0.11	139.289372
0.12	163.000698
0.13	187.976586
0.14	214.086307
0.15	241.193278
0.16	269.154182
0.17	297.819079
0.18	327.028929
0.19	356.613748
0.20	386.388914
0.21	416.150741
0.22	445.677262
0.23	474.766848
0.24	503.260965
0.25	531.047963
0.26	558.032358
0.27	584.134268
0.28	609.286122
0.29	633.430122
0.30	656.517323
0.31	678.507863
0.32	699.370133
0.33	719.080272
0.34	737.621145
0.35	754.981637
0.36	771.155936
0.37	786.142809
0.38	799.944874
0.39	812.567887
0.40	824.020040
0.41	834.311294
0.42	843.452767
0.43	851.456230
0.44	858.333405
0.45	864.095441
0.46	868.752463
0.47	872.313181
0.48	874.784568
0.49	876.171617
0.50	876.477162
0.51	875.701782
0.52	873.843790
0.53	870.899298
0.54	866.862347
0.55	861.725138
0.56	855.478314
0.57	848.111321
0.58	839.612829
0.59	829.971214
0.60	819.175090
0.61	807.213890
0.62	794.078533
0.63	779.762091
0.64	764.260347
0.65	747.572640
0.66	729.702517
0.67	710.658471
0.68	690.454796
0.69	669.112137
0.70	646.658184
0.71	623.128481
0.72	598.567048
0.73	573.027316
0.74	546.572382
0.75	519.275866
0.76	491.223357
0.77	462.516325
0.78	433.280835
0.79	403.695563
0.80	373.987502
0.81	344.361290
0.82	315.010646
0.83	286.115723
0.84	257.842630
0.85	230.346877
0.86	203.775305
0.87	178.267224
0.88	153.954122
0.89	130.962485
0.90	109.420110
0.91	89.464867
0.92	71.243571
0.93	54.898772
0.94	40.569204
0.95	28.387818
0.96	18.475121
0.97	10.931442
0.98	5.833223
0.99	3.233335
1.00	3.160047
