0.00	0.000000
0.01	1.096922
0.02	4.352114
0.03	9.709635
0.04	17.140920
0.05	26.582572
0.06	37.965099
0.07	51.221919
0.08	66.266140
0.09	83.013488
0.10	101.371103
0.11	121.232322
0.12	142.467920
0.13	164.950121
0.14	188.551512
0.15	213.127306
0.16	238.529989
0.17	264.626063
0.18	291.282143
0.19	318.364584
0.20	345.744163
0.21	373.291683
0.22	400.885026
0.23	428.391865
0.24	455.688335
0.25	482.662264
0.26	509.198480
0.27	535.187979
0.28	560.527964
0.29	585.136942
0.30	608.929815
0.31	631.859296
0.32	653.866747
0.33	674.904914
0.34	694.925588
0.35	713.884339
0.36	731.738407
0.37	748.448279
0.38	763.985727
0.39	778.325929
0.40	791.453564
0.41	803.349008
0.42	813.995789
0.43	823.382621
0.44	831.505533
0.45	838.379423
0.46	844.022066
0.47	848.453187
0.48	851.693355
0.49	853.761965
0.50	854.680636
0.51	854.470317
0.52	853.151285
0.53	850.743846
0.54	847.266448
0.55	842.726333
0.56	837.143079
0.57	830.534568
0.58	822.915788
0.59	814.306967
0.60	804.722619
0.61	794.177509
0.62	782.695024
0.63	770.285417
0.64	756.961641
0.65	742.737691
0.66	727.621475
0.67	711.610971
0.68	694.711881
0.69	676.936443
0.70	658.307370
0.71	638.859488
0.72	618.623064
0.73	597.637345
0.74	575.997825
0.75	553.782853
0.76	531.065892
0.77	507.931709
0.78	484.466315
0.79	460.760158
0.80	436.909999
0.81	413.010823
0.82	389.161095
0.83	365.470774
0.84	342.049891
0.85	319.017972
0.86	296.497069
0.87	274.610498
0.88	253.456430
0.89	233.149467
0.90	213.813390
0.91	195.546780
0.92	178.430557
0.93	162.535899
0.94	147.939847
0.95	134.726657
0.96	122.969661
0.97	112.711512
0.98	103.980991
0.99	96.807971
1.00	91.205522
