0.00	0.000000
0.01	1.084591
0.02	4.298127
0.03	9.641480
0.04	17.102831
0.05	26.632830
0.06	38.159758
0.07	51.588949
0.08	66.809722
0.09	83.701764
0.10	102.153347
0.11	122.039739
0.12	143.239762
0.13	165.628590
0.14	189.073208
0.15	213.438562
0.16	238.581329
0.17	264.362712
0.18	290.646205
0.19	317.298527
0.20	344.181925
0.21	371.168733
0.22	398.134006
0.23	424.954385
0.24	451.517510
0.25	477.707596
0.26	503.420132
0.27	528.559150
0.28	553.019837
0.29	576.724109
0.30	599.591511
0.31	621.573764
0.32	642.620232
0.33	662.677281
0.34	681.697200
0.35	699.642691
0.36	716.484025
0.37	732.195082
0.38	746.751112
0.39	760.126905
0.40	772.301606
0.41	783.258546
0.42	792.988502
0.43	801.490156
0.44	808.768310
0.45	814.832563
0.46	819.696107
0.47	823.373857
0.48	825.881916
0.49	827.234815
0.50	827.448896
0.51	826.543206
0.52	824.536409
0.53	821.446325
0.54	817.291499
0.55	812.090281
0.56	805.860425
0.57	798.616467
0.58	790.361869
0.59	781.106285
0.60	770.858956
0.61	759.653175
0.62	747.521095
0.63	734.489665
0.64	720.581802
0.65	705.808393
0.66	690.188329
0.67	673.746808
0.68	656.503083
0.69	638.479742
0.70	619.702572
0.71	600.197895
0.72	579.993310
0.73	559.121365
0.74	537.635760
0.75	515.600984
0.76	493.096540
0.77	470.208735
0.78	447.029959
0.79	423.654986
0.80	400.168234
0.81	376.667948
0.82	353.264129
0.83	330.067136
0.84	307.193528
0.85	284.762600
0.86	262.890809
0.87	241.720580
0.88	221.366704
0.89	201.935091
0.90	183.514978
0.91	166.217713
0.92	150.131846
0.93	135.338991
0.94	121.905160
0.95	109.910777
0.96	99.433151
0.97	90.513675
0.98	83.182050
0.99	77.475626
1.00	73.409779
