0.00	0.000000
0.01	1.076063
0.02	4.262999
0.03	9.544167
0.04	16.880841
0.05	26.191554
0.06	37.406704
0.07	50.482050
0.08	65.355478
0.09	81.941294
0.10	100.135866
0.11	119.819252
0.12	140.869380
0.13	163.152717
0.14	186.525725
0.15	210.855212
0.16	236.006616
0.17	261.846102
0.18	288.231748
0.19	315.019110
0.20	342.070104
0.21	369.253937
0.22	396.456478
0.23	423.564967
0.24	450.462378
0.25	477.036716
0.26	503.200117
0.27	528.843758
0.28	553.857434
0.29	578.143345
0.30	601.639431
0.31	624.297882
0.32	646.048330
0.33	666.832091
0.34	686.608236
0.35	705.335453
0.36	722.973843
0.37	739.490811
0.38	754.859736
0.39	769.060156
0.40	782.061147
0.41	793.840436
0.42	804.382434
0.43	813.683822
0.44	821.755554
0.45	828.612249
0.46	834.269917
0.47	838.746378
0.48	842.061206
0.49	844.232185
0.50	845.277498
0.51	845.217223
0.52	844.068886
0.53	841.849336
0.54	838.572005
0.55	834.249843
0.56	828.895284
0.57	822.516011
0.58	815.119289
0.59	806.713720
0.60	797.291909
0.61	786.865620
0.62	775.445070
0.63	763.057486
0.64	749.722596
0.65	735.455363
0.66	720.265559
0.67	704.160301
0.68	687.147280
0.69	669.231477
0.70	650.426353
0.71	630.760906
0.72	610.288695
0.73	589.065050
0.74	567.160354
0.75	544.655931
0.76	521.633233
0.77	498.173071
0.78	474.364103
0.79	450.304363
0.80	426.090782
0.81	401.823389
0.82	377.609858
0.83	353.562275
0.84	329.811390
0.85	306.478013
0.86	283.674972
0.87	261.527277
0.88	240.161289
0.89	219.695712
0.90	200.246984
0.91	181.905854
0.92	164.759884
0.93	148.899645
0.94	134.417188
0.95	121.393089
0.96	109.901487
0.97	99.990629
0.98	91.678175
0.99	84.991201
1.00	79.935631
