0.00	0.000000
0.01	1.083084
0.02	4.273959
0.03	9.535673
0.04	16.843899
0.05	26.171041
0.06	37.440171
0.07	50.556702
0.08	65.415129
0.09	81.880667
0.10	99.833522
0.11	119.157107
0.12	139.726991
0.13	161.411720
0.14	184.080054
0.15	207.593898
0.16	231.821225
0.17	256.635493
0.18	281.917649
0.19	307.537151
0.20	333.366704
0.21	359.274390
0.22	385.145247
0.23	410.865689
0.24	436.314564
0.25	461.367189
0.26	485.933108
0.27	509.941327
0.28	533.324530
0.29	556.010735
0.30	577.942380
0.31	599.056694
0.32	619.290961
0.33	638.594695
0.34	656.925711
0.35	674.243998
0.36	690.514835
0.37	705.705448
0.38	719.781954
0.39	732.718194
0.40	744.489692
0.41	755.073742
0.42	764.463421
0.43	772.650843
0.44	779.633910
0.45	785.416304
0.46	790.011841
0.47	793.438906
0.48	795.716020
0.49	796.862172
0.50	796.897717
0.51	795.844643
0.52	793.724510
0.53	790.559234
0.54	786.370794
0.55	781.174418
0.56	774.983157
0.57	767.815641
0.58	759.698030
0.59	750.663461
0.60	740.742486
0.61	729.960837
0.62	718.338806
0.63	705.897040
0.64	692.657146
0.65	678.644531
0.66	663.886422
0.67	648.408610
0.68	632.234521
0.69	615.387829
0.70	597.891827
0.71	579.776813
0.72	561.078199
0.73	541.829780
0.74	522.078530
0.75	501.886364
0.76	481.308152
0.77	460.417509
0.78	439.291644
0.79	418.004699
0.80	396.646687
0.81	375.309651
0.82	354.091455
0.83	333.082761
0.84	312.384101
0.85	292.099200
0.86	272.327074
0.87	253.159033
0.88	234.691138
0.89	217.030359
0.90	200.278150
0.91	184.528221
0.92	169.852411
0.93	156.329827
0.94	144.025053
0.95	132.987443
0.96	123.266119
0.97	114.908902
0.98	107.954893
0.99	102.426204
1.00	98.337060
