0.00	0.000000
0.01	1.289647
0.02	5.114784
0.03	11.435623
0.04	20.187082
0.05	31.281887
0.06	44.610674
0.07	60.046593
0.08	77.451313
0.09	96.680208
0.10	117.589014
0.11	140.036742
0.12	163.888478
0.13	189.015740
0.14	215.287484
0.15	242.566190
0.16	270.707523
0.17	299.559855
0.18	328.963447
0.19	358.747632
0.20	388.727945
0.21	418.701590
0.22	448.439669
0.23	477.737159
0.24	506.447726
0.25	534.450110
0.26	561.643004
0.27	587.945286
0.28	613.287322
0.29	637.609410
0.30	660.861378
0.31	683.003128
0.32	704.003188
0.33	723.837669
0.34	742.489580
0.35	759.948109
0.36	776.207887
0.37	791.268241
0.38	805.132441
0.39	817.806963
0.40	829.300770
0.41	839.624612
0.42	848.790364
0.43	856.810408
0.44	863.697050
0.45	869.462003
0.46	874.115920
0.47	877.667983
0.48	880.125594
0.49	881.494096
0.50	881.776600
0.51	880.973878
0.52	879.084344
0.53	876.104117
0.54	872.027152
0.55	866.845458
0.56	860.549395
0.57	853.128025
0.58	844.569562
0.59	834.861836
0.60	823.992854
0.61	811.951390
0.62	798.727624
0.63	784.313815
0.64	768.705006
0.65	751.899750
0.66	733.900849
0.67	714.716106
0.68	694.359061
0.69	672.849721
0.70	650.215259
0.71	626.490776
0.72	601.720358
0.73	575.957793
0.74	549.267328
0.75	521.724852
0.76	493.423111
0.77	464.466905
0.78	434.982886
0.79	405.145319
0.80	375.185144
0.81	345.318463
0.82	315.738546
0.83	286.622010
0.84	258.133242
0.85	230.427597
0.86	203.652697
0.87	177.950180
0.88	153.454650
0.89	130.292886
0.90	108.588261
0.91	88.480083
0.92	70.115566
0.93	53.638093
0.94	39.188520
0.95	26.902098
0.96	16.898626
0.97	9.277977
0.98	4.117925
0.99	1.472071
1.00	1.368918
