0.00	0.000000
0.01	1.076752
0.02	4.282645
0.03	9.631699
0.04	17.106560
0.05	26.670728
0.06	38.244578
0.07	51.726154
0.08	67.005833
0.09	83.971453
0.10	102.489732
0.11	122.432677
0.12	143.666415
0.13	166.042830
0.14	189.421945
0.15	213.662701
0.16	238.617443
0.17	264.135618
0.18	290.082723
0.19	316.329629
0.20	342.746459
0.21	369.206705
0.22	395.591462
0.23	421.789011
0.24	447.694984
0.25	473.212340
0.26	498.246618
0.27	522.704731
0.28	546.502457
0.29	569.569103
0.30	591.835466
0.31	613.246929
0.32	633.756446
0.33	653.326592
0.34	671.919872
0.35	689.503871
0.36	706.049819
0.37	721.535249
0.38	735.944140
0.39	749.263786
0.40	761.484134
0.41	772.597615
0.42	782.600010
0.43	791.489416
0.44	799.266500
0.45	805.931507
0.46	811.484888
0.47	815.929022
0.48	819.265805
0.49	821.496740
0.50	822.623366
0.51	822.647533
0.52	821.571407
0.53	819.399847
0.54	816.136093
0.55	811.782291
0.56	806.340224
0.57	799.811877
0.58	792.200559
0.59	783.509366
0.60	773.738514
0.61	762.896635
0.62	750.993910
0.63	738.041436
0.64	724.051178
0.65	709.039419
0.66	693.025579
0.67	676.030522
0.68	658.083900
0.69	639.221473
0.70	619.481999
0.71	598.906629
0.72	577.537904
0.73	555.429836
0.74	532.648017
0.75	509.262116
0.76	485.364492
0.77	461.049651
0.78	436.408441
0.79	411.544703
0.80	386.566557
0.81	361.591600
0.82	336.751184
0.83	312.169202
0.84	287.981636
0.85	264.323135
0.86	241.324359
0.87	219.112885
0.88	197.827935
0.89	177.598462
0.90	158.542803
0.91	140.778836
0.92	124.419708
0.93	109.573702
0.94	96.340310
0.95	84.813972
0.96	75.069379
0.97	67.160730
0.98	61.132143
0.99	57.008946
1.00	54.796489
