0.00	0.000000
0.01	1.104646
0.02	4.359217
0.03	9.713934
0.04	17.164135
0.05	26.676899
0.06	38.173203
0.07	51.568138
0.08	66.767753
0.09	83.675723
0.10	102.173855
0.11	122.135890
0.12	143.436832
0.13	165.948555
0.14	189.533822
0.15	214.055840
0.16	239.372508
0.17	265.351201
0.18	291.855111
0.19	318.751846
0.20	345.915639
0.21	373.224206
0.22	400.562275
0.23	427.810332
0.24	454.851886
0.25	481.575362
0.26	507.865562
0.27	533.614738
0.28	558.713046
0.29	583.071468
0.30	606.627656
0.31	629.325108
0.32	651.102723
0.33	671.908592
0.34	691.699631
0.35	710.437030
0.36	728.085814
0.37	744.613000
0.38	759.988818
0.39	774.187180
0.40	787.185255
0.41	798.960235
0.42	809.497219
0.43	818.783135
0.44	826.814355
0.45	833.592289
0.46	839.124360
0.47	843.427858
0.48	846.522194
0.49	848.430089
0.50	849.175055
0.51	848.779154
0.52	847.264208
0.53	844.651236
0.54	840.952689
0.55	836.188583
0.56	830.383326
0.57	823.563932
0.58	815.752931
0.59	806.964232
0.60	797.224960
0.61	786.557162
0.62	774.981503
0.63	762.512929
0.64	749.171755
0.65	734.978791
0.66	719.947165
0.67	704.084741
0.68	687.409489
0.69	669.938709
0.70	651.685847
0.71	632.667718
0.72	612.923330
0.73	592.518858
0.74	571.523108
0.75	549.996677
0.76	527.998800
0.77	505.602236
0.78	482.891243
0.79	459.958319
0.80	436.897908
0.81	413.805101
0.82	390.782411
0.83	367.932940
0.84	345.362447
0.85	323.184104
0.86	301.509621
0.87	280.431051
0.88	260.068229
0.89	240.532823
0.90	221.905056
0.91	204.290465
0.92	187.792414
0.93	172.498433
0.94	158.478103
0.95	145.800917
0.96	134.524794
0.97	124.688117
0.98	116.321226
0.99	109.436238
1.00	104.043850
