0.00	0.000000
0.01	1.528469
0.02	6.077311
0.03	13.619718
0.04	24.109867
0.05	37.483074
0.06	53.656694
0.07	72.532450
0.08	94.006572
0.09	117.971019
0.10	144.314750
0.11	172.930657
0.12	203.719528
0.13	236.582971
0.14	271.410321
0.15	308.100947
0.16	346.561912
0.17	386.691564
0.18	428.368512
0.19	471.445901
0.20	515.785717
0.21	561.257393
0.22	607.689781
0.23	654.970669
0.24	703.046821
0.25	751.856161
0.26	801.282245
0.27	851.237659
0.28	901.620502
0.29	952.307895
0.30	1003.156622
0.31	1053.988974
0.32	1104.578549
0.33	1154.650189
0.34	1203.910523
0.35	1252.041015
0.36	1298.823808
0.37	1344.038333
0.38	1387.490025
0.39	1428.986314
0.40	1468.385447
0.41	1505.619095
0.42	1540.683223
0.43	1573.634441
0.44	1604.548750
0.45	1633.508713
0.46	1660.580526
0.47	1685.834352
0.48	1709.333869
0.49	1731.129519
0.50	1751.265757
0.51	1769.781803
0.52	1786.697226
0.53	1802.022883
0.54	1815.786406
0.55	1828.001789
0.56	1838.674775
0.57	1847.808977
0.58	1855.406493
0.59	1861.468967
0.60	1865.997330
0.61	1868.992350
0.62	1870.494979
0.63	1870.542360
0.64	1869.159204
0.65	1866.372470
0.66	1862.211876
0.67	1856.709688
0.68	1849.903794
0.69	1841.836663
0.70	1832.553079
0.71	1822.109608
0.72	1810.559961
0.73	1797.958297
0.74	1784.363226
0.75	1769.840508
0.76	1754.489824
0.77	1738.398069
0.78	1721.661846
0.79	1704.382150
0.80	1686.669683
0.81	1668.638705
0.82	1650.453033
0.83	1632.300693
0.84	1614.320216
0.85	1596.643044
0.86	1579.377760
0.87	1562.637446
0.88	1546.552992
0.89	1531.240673
0.90	1516.791845
0.91	1503.322593
0.92	1490.945319
0.93	1479.757386
0.94	1469.886409
0.95	1461.436390
0.96	1454.486727
0.97	1449.104168
0.98	1445.351467
0.99	1443.278750
1.00	1442.919809
