0.00	0.000000
0.01	1.278091
0.02	5.068782
0.03	11.332137
0.04	20.003783
0.05	30.996204
0.06	44.201673
0.07	59.491317
0.08	76.724229
0.09	95.754242
0.10	116.436150
0.11	138.628156
0.12	162.195900
0.13	187.011799
0.14	212.944719
0.15	239.858362
0.16	267.610668
0.17	296.053460
0.18	325.032430
0.19	354.382262
0.20	383.923905
0.21	413.456803
0.22	442.757813
0.23	471.623802
0.24	499.901471
0.25	527.476901
0.26	554.258988
0.27	580.169926
0.28	605.142255
0.29	629.118021
0.30	652.048870
0.31	673.895314
0.32	694.625784
0.33	714.215858
0.34	732.647564
0.35	749.909170
0.36	765.994387
0.37	780.901440
0.38	794.632375
0.39	807.192358
0.40	818.588907
0.41	828.831381
0.42	837.930515
0.43	845.897737
0.44	852.744642
0.45	858.482290
0.46	863.120767
0.47	866.668831
0.48	869.133582
0.49	870.520214
0.50	870.831837
0.51	870.069376
0.52	868.231547
0.53	865.314921
0.54	861.314039
0.55	856.221623
0.56	850.028866
0.57	842.725761
0.58	834.301525
0.59	824.745058
0.60	814.045469
0.61	802.192672
0.62	789.178163
0.63	774.995437
0.64	759.640682
0.65	743.113623
0.66	725.418286
0.67	706.563278
0.68	686.562634
0.69	665.436977
0.70	643.213811
0.71	619.928132
0.72	595.623198
0.73	570.351406
0.74	544.174721
0.75	517.165348
0.76	489.409569
0.77	461.012499
0.78	432.109874
0.79	402.881787
0.80	373.516561
0.81	344.218218
0.82	315.175510
0.83	286.562148
0.84	258.541830
0.85	231.275312
0.86	204.912781
0.87	179.594802
0.88	155.455113
0.89	132.624357
0.90	111.228952
0.91	91.404242
0.92	73.295578
0.93	57.050194
0.94	42.808896
0.95	30.704515
0.96	20.854935
0.97	13.357259
0.98	8.286872
0.99	5.695781
1.00	5.611087
