0.00	0.000000
0.01	1.240959
0.02	4.922631
0.03	11.013122
0.04	19.462243
0.05	30.195991
0.06	43.125798
0.07	58.150481
0.08	75.155669
0.09	94.015522
0.10	114.595952
0.11	136.754433
0.12	160.342218
0.13	185.199271
0.14	211.159547
0.15	238.050178
0.16	265.684911
0.17	293.877915
0.18	322.462036
0.19	351.277428
0.20	380.169380
0.21	408.994377
0.22	437.612242
0.23	465.889443
0.24	493.702409
0.25	520.936106
0.26	547.477597
0.27	573.225392
0.28	598.088567
0.29	621.994766
0.30	644.890157
0.31	666.730136
0.32	687.479389
0.33	707.111760
0.34	725.607898
0.35	742.954675
0.36	759.143796
0.37	774.171516
0.38	788.038291
0.39	800.747380
0.40	812.304609
0.41	822.718141
0.42	831.997424
0.43	840.152694
0.44	847.194211
0.45	853.131780
0.46	857.974328
0.47	861.729506
0.48	864.403364
0.49	866.000096
0.50	866.521883
0.51	865.968780
0.52	864.338737
0.53	861.627640
0.54	857.829510
0.55	852.936710
0.56	846.940267
0.57	839.830172
0.58	831.595924
0.59	822.227124
0.60	811.713890
0.61	800.047505
0.62	787.220908
0.63	773.229302
0.64	758.070619
0.65	741.746674
0.66	724.263680
0.67	705.632807
0.68	685.870611
0.69	665.000006
0.70	643.051297
0.71	620.066438
0.72	596.099190
0.73	571.217098
0.74	545.500259
0.75	519.041590
0.76	491.942637
0.77	464.316390
0.78	436.286132
0.79	407.978472
0.80	379.530154
0.81	351.082841
0.82	322.784933
0.83	294.794113
0.84	267.270616
0.85	240.389967
0.86	214.326883
0.87	189.249617
0.88	165.321034
0.89	142.698155
0.90	121.526320
0.91	101.948683
0.92	84.104962
0.93	68.121921
0.94	54.118572
0.95	42.205279
0.96	32.481675
0.97	25.030020
0.98	19.912758
0.99	17.172533
1.00	16.830363
