0.00	0.000000
0.01	1.080085
0.02	4.272921
0.03	9.554005
0.04	16.910753
0.05	26.269121
0.06	37.551260
0.07	50.679883
0.08	65.550723
0.09	82.063230
0.10	100.105525
0.11	119.554638
0.12	140.286553
0.13	162.158403
0.14	185.018421
0.15	208.739243
0.16	233.192513
0.17	258.240825
0.18	283.760761
0.19	309.639161
0.20	335.762248
0.21	362.007251
0.22	388.255095
0.23	414.377852
0.24	440.263790
0.25	465.808161
0.26	490.893198
0.27	515.423514
0.28	539.328979
0.29	562.544816
0.30	585.004758
0.31	606.637442
0.32	627.382789
0.33	647.196419
0.34	666.031171
0.35	683.843275
0.36	700.586655
0.37	716.224402
0.38	730.720538
0.39	744.046662
0.40	756.184670
0.41	767.122689
0.42	776.852987
0.43	785.371593
0.44	792.669873
0.45	798.738646
0.46	803.580423
0.47	807.210322
0.48	809.647525
0.49	810.912756
0.50	811.023461
0.51	810.003180
0.52	807.872682
0.53	804.648160
0.54	800.359873
0.55	795.044516
0.56	788.730709
0.57	781.442221
0.58	773.209776
0.59	764.067012
0.60	754.030451
0.61	743.134694
0.62	731.421763
0.63	718.926024
0.64	705.675173
0.65	691.693518
0.66	677.003169
0.67	661.621429
0.68	645.565823
0.69	628.855938
0.70	611.511726
0.71	593.555739
0.72	575.009999
0.73	555.899130
0.74	536.269510
0.75	516.180036
0.76	495.692814
0.77	474.873535
0.78	453.803281
0.79	432.574807
0.80	411.279797
0.81	390.000644
0.82	368.825166
0.83	347.853016
0.84	327.174546
0.85	306.887108
0.86	287.097652
0.87	267.909577
0.88	249.419231
0.89	231.712226
0.90	214.864494
0.91	198.937025
0.92	184.007059
0.93	170.172061
0.94	157.511983
0.95	146.085430
0.96	135.948093
0.97	127.132479
0.98	119.639542
0.99	113.477534
1.00	108.656522
