0.00	0.000000
0.01	1.103725
0.02	4.349544
0.03	9.662923
0.04	16.992254
0.05	26.307246
0.06	37.540869
0.07	50.603364
0.08	65.385146
0.09	81.779769
0.10	99.668639
0.11	118.927150
0.12	139.437138
0.13	161.078879
0.14	183.727622
0.15	207.248349
0.16	231.516754
0.17	256.406221
0.18	281.783388
0.19	307.524576
0.20	333.506769
0.21	359.602161
0.22	385.684382
0.23	411.628798
0.24	437.323491
0.25	462.669893
0.26	487.578711
0.27	511.952524
0.28	535.701116
0.29	558.766214
0.30	581.083640
0.31	602.600580
0.32	623.263147
0.33	643.021480
0.34	661.828452
0.35	679.638591
0.36	696.416871
0.37	712.133898
0.38	726.764827
0.39	740.287089
0.40	752.675949
0.41	763.908292
0.42	773.970601
0.43	782.849958
0.44	790.545544
0.45	797.060794
0.46	802.407824
0.47	806.601363
0.48	809.657768
0.49	811.593930
0.50	812.427733
0.51	812.176387
0.52	810.856840
0.53	808.487169
0.54	805.085857
0.55	800.670641
0.56	795.252799
0.57	788.839722
0.58	781.438630
0.59	773.069479
0.60	763.759156
0.61	753.527414
0.62	742.389568
0.63	730.367218
0.64	717.480245
0.65	703.744633
0.66	689.171023
0.67	673.775850
0.68	657.571445
0.69	640.570736
0.70	622.795781
0.71	604.268685
0.72	585.013051
0.73	565.072734
0.74	544.522720
0.75	523.437922
0.76	501.896544
0.77	479.976947
0.78	457.759865
0.79	435.333066
0.80	412.795757
0.81	390.249236
0.82	367.800838
0.83	345.564055
0.84	323.649732
0.85	302.167047
0.86	281.218334
0.87	260.911230
0.88	241.355782
0.89	222.661467
0.90	204.924110
0.91	188.229854
0.92	172.667784
0.93	158.315838
0.94	145.260481
0.95	133.573170
0.96	123.302969
0.97	114.485303
0.98	107.128236
0.99	101.241546
1.00	96.818781
