0.00	0.000000
0.01	1.107144
0.02	4.393916
0.03	9.857003
0.04	17.454746
0.05	27.108040
0.06	38.737746
0.07	52.275874
0.08	67.599175
0.09	84.583345
0.10	103.107753
0.11	123.053764
0.12	144.296218
0.13	166.704967
0.14	190.144627
0.15	214.471597
0.16	239.537240
0.17	265.203216
0.18	291.331625
0.19	317.778372
0.20	344.432777
0.21	371.180629
0.22	397.894437
0.23	424.456504
0.24	450.749162
0.25	476.650625
0.26	502.041147
0.27	526.830273
0.28	550.960253
0.29	574.356450
0.30	596.954206
0.31	618.702653
0.32	639.553352
0.33	659.460778
0.34	678.382620
0.35	696.277613
0.36	713.111215
0.37	728.853186
0.38	743.480236
0.39	756.972704
0.40	769.310452
0.41	780.479502
0.42	790.465445
0.43	799.260614
0.44	806.853152
0.45	813.246400
0.46	818.447069
0.47	822.458255
0.48	825.294087
0.49	826.971786
0.50	827.510655
0.51	826.930362
0.52	825.249398
0.53	822.484098
0.54	818.655224
0.55	813.785168
0.56	807.882958
0.57	800.961380
0.58	793.053231
0.59	784.187313
0.60	774.390076
0.61	763.684587
0.62	752.098023
0.63	739.654906
0.64	726.378388
0.65	712.290236
0.66	697.410934
0.67	681.757958
0.68	665.350491
0.69	648.207244
0.70	630.350040
0.71	611.803965
0.72	592.596627
0.73	572.768169
0.74	552.363734
0.75	531.433644
0.76	510.056950
0.77	488.328917
0.78	466.328747
0.79	444.137310
0.80	421.833332
0.81	399.510483
0.82	377.277808
0.83	355.233277
0.84	333.487861
0.85	312.128827
0.86	291.248938
0.87	270.974507
0.88	251.415852
0.89	232.681772
0.90	214.878048
0.91	198.109767
0.92	182.462361
0.93	168.018252
0.94	154.855640
0.95	143.031743
0.96	132.598273
0.97	123.605987
0.98	116.093016
0.99	110.079680
1.00	105.561494
