0.00	0.000000
0.01	1.093301
0.02	4.332515
0.03	9.697548
0.04	17.132263
0.05	26.605219
0.06	38.068468
0.07	51.427980
0.08	66.569905
0.09	83.382223
0.10	101.755359
0.11	121.578682
0.12	142.723276
0.13	165.052854
0.14	188.407304
0.15	212.650237
0.16	237.652633
0.17	263.286256
0.18	289.420992
0.19	315.923858
0.20	342.663189
0.21	369.502256
0.22	396.320443
0.23	422.995394
0.24	449.421952
0.25	475.494389
0.26	501.097293
0.27	526.137025
0.28	550.535683
0.29	574.210655
0.30	597.078402
0.31	619.056950
0.32	640.081278
0.33	660.125312
0.34	679.148323
0.35	697.103624
0.36	713.954142
0.37	729.670754
0.38	744.222290
0.39	757.590743
0.40	769.768014
0.41	780.746501
0.42	790.517407
0.43	799.082050
0.44	806.445193
0.45	812.615304
0.46	817.602862
0.47	821.419611
0.48	824.078844
0.49	825.594432
0.50	825.980322
0.51	825.250908
0.52	823.422559
0.53	820.509936
0.54	816.527015
0.55	811.489889
0.56	805.414272
0.57	798.315025
0.58	790.198046
0.59	781.063397
0.60	770.934922
0.61	759.829627
0.62	747.764428
0.63	734.761732
0.64	720.846688
0.65	706.041245
0.66	690.363998
0.67	673.836733
0.68	656.480343
0.69	638.315595
0.70	619.369434
0.71	599.667776
0.72	579.239880
0.73	558.120800
0.74	536.363165
0.75	514.034151
0.76	491.221617
0.77	468.016351
0.78	444.514260
0.79	420.816737
0.80	397.019759
0.81	373.220216
0.82	349.521600
0.83	326.042474
0.84	302.897466
0.85	280.208123
0.86	258.104898
0.87	236.723395
0.88	216.186548
0.89	196.603307
0.90	178.073016
0.91	160.695111
0.92	144.565010
0.93	129.762653
0.94	116.383334
0.95	104.508214
0.96	94.206731
0.97	85.534337
0.98	78.511911
0.99	73.152694
1.00	69.468174
