0.00	0.000000
0.01	1.067403
0.02	4.230796
0.03	9.471034
0.04	16.739111
0.05	25.971595
0.06	37.089938
0.07	49.989859
0.08	64.569812
0.09	80.728815
0.10	98.353662
0.11	117.315524
0.12	137.480884
0.13	158.712552
0.14	180.881791
0.15	203.866460
0.16	227.544306
0.17	251.790213
0.18	276.471989
0.19	301.461441
0.20	326.629974
0.21	351.857005
0.22	377.036582
0.23	402.071702
0.24	426.867736
0.25	451.335387
0.26	475.382987
0.27	498.913089
0.28	521.845053
0.29	544.110843
0.30	565.650885
0.31	586.412753
0.32	606.344188
0.33	625.397076
0.34	643.536703
0.35	660.727988
0.36	676.938050
0.37	692.134737
0.38	706.288967
0.39	719.367191
0.40	731.353301
0.41	742.239114
0.42	752.018170
0.43	760.678174
0.44	768.218581
0.45	774.643551
0.46	779.954321
0.47	784.158645
0.48	787.266456
0.49	789.287425
0.50	790.230579
0.51	790.106225
0.52	788.924967
0.53	786.697609
0.54	783.434933
0.55	779.147426
0.56	773.844370
0.57	767.535257
0.58	760.228146
0.59	751.929519
0.60	742.646658
0.61	732.395309
0.62	721.185372
0.63	709.034450
0.64	695.967881
0.65	682.006237
0.66	667.170929
0.67	651.484508
0.68	634.969308
0.69	617.649966
0.70	599.555531
0.71	580.720007
0.72	561.182530
0.73	540.995268
0.74	520.209076
0.75	498.886323
0.76	477.115585
0.77	454.998360
0.78	432.631738
0.79	410.121081
0.80	387.572568
0.81	365.093590
0.82	342.794212
0.83	320.796079
0.84	299.217537
0.85	278.172440
0.86	257.768302
0.87	238.110027
0.88	219.305960
0.89	201.462083
0.90	184.670524
0.91	169.038955
0.92	154.660267
0.93	141.599618
0.94	129.921950
0.95	119.686927
0.96	110.951859
0.97	103.761113
0.98	98.141871
0.99	94.097715
1.00	91.627348
