0.00	0.000000
0.01	1.123379
0.02	4.445395
0.03	9.943234
0.04	17.579358
0.05	27.287950
0.06	38.986153
0.07	52.585875
0.08	67.995326
0.09	85.103894
0.10	103.799628
0.11	123.958425
0.12	145.457933
0.13	168.166298
0.14	191.944702
0.15	216.645964
0.16	242.136864
0.17	268.281441
0.18	294.947613
0.19	322.007058
0.20	349.329867
0.21	376.788613
0.22	404.246287
0.23	431.573870
0.24	458.665595
0.25	485.417311
0.26	511.722977
0.27	537.474120
0.28	562.582857
0.29	586.961052
0.30	610.524507
0.31	633.194292
0.32	654.914343
0.33	675.649577
0.34	695.359470
0.35	714.000903
0.36	731.535436
0.37	747.931393
0.38	763.165147
0.39	777.217133
0.40	790.069778
0.41	801.705803
0.42	812.107249
0.43	821.252397
0.44	829.131872
0.45	835.750754
0.46	841.120428
0.47	845.253647
0.48	848.159971
0.49	849.852993
0.50	850.352942
0.51	849.684644
0.52	847.872697
0.53	844.941975
0.54	840.915239
0.55	835.808432
0.56	829.654308
0.57	822.483761
0.58	814.328673
0.59	805.217350
0.60	795.176877
0.61	784.235591
0.62	772.417560
0.63	759.736719
0.64	746.199428
0.65	731.829146
0.66	716.648071
0.67	700.673296
0.68	683.915309
0.69	666.391893
0.70	648.122429
0.71	629.125289
0.72	609.424030
0.73	589.066138
0.74	568.107639
0.75	546.614390
0.76	524.666402
0.77	502.336974
0.78	479.710841
0.79	456.872557
0.80	433.917859
0.81	410.948477
0.82	388.059928
0.83	365.355054
0.84	342.940912
0.85	320.926985
0.86	299.430638
0.87	278.567308
0.88	258.440648
0.89	239.131821
0.90	220.748662
0.91	203.401287
0.92	187.173319
0.93	172.152265
0.94	158.414454
0.95	146.032497
0.96	135.069821
0.97	125.557269
0.98	117.523039
0.99	110.981824
1.00	105.920080
