0.00	0.000000
0.01	1.219002
0.02	4.837464
0.03	10.821762
0.04	19.116331
0.05	29.644975
0.06	42.312607
0.07	57.006197
0.08	73.598852
0.09	91.946967
0.10	111.899346
0.11	133.309581
0.12	156.028476
0.13	179.894249
0.14	204.743742
0.15	230.423113
0.16	256.749373
0.17	283.547780
0.18	310.642960
0.19	337.866837
0.20	365.052529
0.21	392.067792
0.22	418.807244
0.23	445.177003
0.24	471.092338
0.25	496.477932
0.26	521.261863
0.27	545.382385
0.28	568.783491
0.29	591.415226
0.30	613.233038
0.31	634.197336
0.32	654.270436
0.33	673.419950
0.34	691.620880
0.35	708.850173
0.36	725.084217
0.37	740.302622
0.38	754.485579
0.39	767.618962
0.40	779.691649
0.41	790.694031
0.42	800.615621
0.43	809.446535
0.44	817.179263
0.45	823.807500
0.46	829.326712
0.47	833.731982
0.48	837.017745
0.49	839.179777
0.50	840.215235
0.51	840.122736
0.52	838.900549
0.53	836.546543
0.54	833.060445
0.55	828.443165
0.56	822.694562
0.57	815.815091
0.58	807.805942
0.59	798.669306
0.60	788.410325
0.61	777.036920
0.62	764.560216
0.63	750.993494
0.64	736.351549
0.65	720.653286
0.66	703.919915
0.67	686.174549
0.68	667.446076
0.69	647.766787
0.70	627.172210
0.71	605.699364
0.72	583.390095
0.73	560.291359
0.74	536.456367
0.75	511.955042
0.76	486.861143
0.77	461.252930
0.78	435.212008
0.79	408.828171
0.80	382.199041
0.81	355.437924
0.82	328.663860
0.83	302.015576
0.84	275.642852
0.85	249.735124
0.86	224.444752
0.87	199.920973
0.88	176.313195
0.89	153.801613
0.90	132.561633
0.91	112.754807
0.92	94.543808
0.93	78.074262
0.94	63.475885
0.95	50.867095
0.96	40.353601
0.97	32.025152
0.98	25.953889
0.99	22.192923
1.00	20.775167
