0.00	0.000000
0.01	1.236168
0.02	4.911657
0.03	10.997040
0.04	19.440272
0.05	30.167949
0.06	43.087370
0.07	58.088308
0.08	75.043489
0.09	93.808737
0.10	114.233431
0.11	136.153876
0.12	159.409724
0.13	183.848070
0.14	209.330780
0.15	235.698898
0.16	262.764895
0.17	290.349305
0.18	318.295502
0.19	346.425014
0.20	374.591493
0.21	402.647361
0.22	430.456022
0.23	457.902147
0.24	484.887284
0.25	511.327637
0.26	537.149184
0.27	562.282880
0.28	586.668192
0.29	610.250812
0.30	632.985383
0.31	654.834416
0.32	675.764761
0.33	695.746538
0.34	714.754223
0.35	732.765866
0.36	749.762613
0.37	765.729418
0.38	780.653388
0.39	794.522188
0.40	807.324732
0.41	819.052234
0.42	829.696275
0.43	839.249113
0.44	847.702595
0.45	855.047735
0.46	861.272417
0.47	866.366422
0.48	870.320837
0.49	873.128873
0.50	874.784289
0.51	875.279137
0.52	874.606582
0.53	872.761811
0.54	869.741645
0.55	865.543935
0.56	860.167621
0.57	853.611074
0.58	845.874256
0.59	836.960442
0.60	826.872256
0.61	815.614804
0.62	803.198175
0.63	789.637077
0.64	774.945245
0.65	759.138439
0.66	742.236288
0.67	724.261566
0.68	705.242714
0.69	685.212100
0.70	664.206052
0.71	642.265006
0.72	619.435392
0.73	595.775164
0.74	571.348203
0.75	546.218676
0.76	520.460861
0.77	494.159164
0.78	467.411334
0.79	440.314290
0.80	412.971942
0.81	385.522527
0.82	358.104353
0.83	330.846042
0.84	303.897048
0.85	277.407770
0.86	251.556593
0.87	226.494343
0.88	202.374927
0.89	179.361391
0.90	157.630854
0.91	137.357721
0.92	118.690942
0.93	101.770976
0.94	86.731349
0.95	73.704179
0.96	62.786822
0.97	54.055512
0.98	47.569247
0.99	43.369512
1.00	41.479189
