0.00	0.000000
0.01	1.206012
0.02	4.788152
0.03	10.715450
0.04	18.936020
0.05	29.378720
0.06	41.955166
0.07	56.561380
0.08	73.076469
0.09	91.367334
0.10	111.267065
0.11	132.605431
0.12	155.221455
0.13	178.953572
0.14	203.636409
0.15	229.107909
0.16	255.207621
0.17	281.769811
0.18	308.625342
0.19	335.606116
0.20	362.575281
0.21	389.409022
0.22	415.997041
0.23	442.240276
0.24	468.049760
0.25	493.344691
0.26	518.048752
0.27	542.092414
0.28	565.416735
0.29	587.965084
0.30	609.692756
0.31	630.558871
0.32	650.527409
0.33	669.566686
0.34	687.648923
0.35	704.750899
0.36	720.851465
0.37	735.934743
0.38	749.986157
0.39	762.991106
0.40	774.939910
0.41	785.824024
0.42	795.635333
0.43	804.371000
0.44	812.025748
0.45	818.593332
0.46	824.066325
0.47	828.437471
0.48	831.701156
0.49	833.851581
0.50	834.884255
0.51	834.794611
0.52	833.577993
0.53	831.233755
0.54	827.760743
0.55	823.155939
0.56	817.418335
0.57	810.547547
0.58	802.546258
0.59	793.420442
0.60	783.175935
0.61	771.819364
0.62	759.361881
0.63	745.818685
0.64	731.208530
0.65	715.550482
0.66	698.867039
0.67	681.181724
0.68	662.521979
0.69	642.919266
0.70	622.410504
0.71	601.034613
0.72	578.836115
0.73	555.867381
0.74	532.185331
0.75	507.851962
0.76	482.937434
0.77	457.525133
0.78	431.694762
0.79	405.542155
0.80	379.173513
0.81	352.695260
0.82	326.237384
0.83	299.948081
0.84	273.973085
0.85	248.452437
0.86	223.538052
0.87	199.412819
0.88	176.267524
0.89	154.279446
0.90	133.604980
0.91	114.403669
0.92	96.818245
0.93	80.981719
0.94	67.013261
0.95	55.025157
0.96	45.116880
0.97	37.371207
0.98	31.854671
0.99	28.615777
1.00	27.683656
