0.00	0.000000
0.01	1.176974
0.02	4.673230
0.03	10.461401
0.04	18.493629
0.05	28.702936
0.06	41.004858
0.07	55.295374
0.08	71.462345
0.09	89.386975
0.10	108.944905
0.11	130.003564
0.12	152.423067
0.13	176.040337
0.14	200.684717
0.15	226.186379
0.16	252.372656
0.17	279.081326
0.18	306.160041
0.19	333.465891
0.20	360.849237
0.21	388.185152
0.22	415.349769
0.23	442.234199
0.24	468.748906
0.25	494.810048
0.26	520.337165
0.27	545.255875
0.28	569.491585
0.29	592.979518
0.30	615.660473
0.31	637.481650
0.32	658.397193
0.33	678.366644
0.34	697.352392
0.35	715.323188
0.36	732.250863
0.37	748.112139
0.38	762.883551
0.39	776.545347
0.40	789.082121
0.41	800.481911
0.42	810.733852
0.43	819.829187
0.44	827.762723
0.45	834.529835
0.46	840.129011
0.47	844.559489
0.48	847.822485
0.49	849.921025
0.50	850.857656
0.51	850.634477
0.52	849.256695
0.53	846.728642
0.54	843.053854
0.55	838.236998
0.56	832.284413
0.57	825.201192
0.58	816.992503
0.59	807.665179
0.60	797.225510
0.61	785.683102
0.62	773.049695
0.63	759.340639
0.64	744.570496
0.65	728.757572
0.66	711.925265
0.67	694.098704
0.68	675.306095
0.69	655.580368
0.70	634.959160
0.71	613.483891
0.72	591.198829
0.73	568.153212
0.74	544.402485
0.75	520.009177
0.76	495.042479
0.77	469.578902
0.78	443.698289
0.79	417.492916
0.80	391.064527
0.81	364.519454
0.82	337.978554
0.83	311.571054
0.84	285.427414
0.85	259.683134
0.86	234.496321
0.87	210.035468
0.88	186.460550
0.89	163.927457
0.90	142.589386
0.91	122.594563
0.92	104.095607
0.93	87.223723
0.94	72.116230
0.95	58.912248
0.96	47.707186
0.97	38.577651
0.98	31.590065
0.99	26.793534
1.00	24.219196
