0.00	0.000000
0.01	1.125900
0.02	4.469589
0.03	10.004498
0.04	17.687386
0.05	27.459641
0.06	39.246207
0.07	52.941849
0.08	68.435611
0.09	85.605398
0.10	104.311194
0.11	124.400099
0.12	145.709199
0.13	168.081659
0.14	191.372400
0.15	215.416649
0.16	240.032086
0.17	265.076557
0.18	290.420946
0.19	315.955263
0.20	341.544598
0.21	367.062655
0.22	392.412055
0.23	417.499544
0.24	442.239055
0.25	466.557798
0.26	490.392976
0.27	513.684463
0.28	536.373909
0.29	558.412152
0.30	579.749345
0.31	600.341039
0.32	620.145795
0.33	639.124404
0.34	657.238326
0.35	674.452193
0.36	690.735797
0.37	706.062489
0.38	720.408756
0.39	733.750439
0.40	746.062425
0.41	757.323519
0.42	767.515063
0.43	776.617095
0.44	784.610751
0.45	791.478171
0.46	797.202166
0.47	801.766483
0.48	805.157461
0.49	807.369864
0.50	808.398286
0.51	808.238544
0.52	806.890886
0.53	804.356401
0.54	800.640593
0.55	795.748825
0.56	789.688947
0.57	782.471797
0.58	774.112227
0.59	764.626675
0.60	754.032055
0.61	742.346177
0.62	729.590971
0.63	715.792027
0.64	700.974618
0.65	685.164046
0.66	668.388073
0.67	650.676096
0.68	632.059911
0.69	612.573942
0.70	592.254374
0.71	571.142019
0.72	549.280790
0.73	526.714930
0.74	503.492314
0.75	479.678070
0.76	455.348903
0.77	430.579301
0.78	405.460019
0.79	380.082350
0.80	354.536850
0.81	328.932004
0.82	303.381108
0.83	278.011824
0.84	252.966017
0.85	228.386743
0.86	204.416228
0.87	181.201146
0.88	158.893792
0.89	137.681866
0.90	117.739894
0.91	99.204248
0.92	82.205510
0.93	66.864061
0.94	53.291797
0.95	41.596332
0.96	31.872618
0.97	24.200578
0.98	18.647968
0.99	15.261739
1.00	14.069124
