0.00	0.000000
0.01	1.155987
0.02	4.583486
0.03	10.248562
0.04	18.098324
0.05	28.062455
0.06	40.055043
0.07	53.976229
0.08	69.711796
0.09	87.139463
0.10	106.120757
0.11	126.515417
0.12	148.175653
0.13	170.969442
0.14	194.743748
0.15	219.341613
0.16	244.585543
0.17	270.307113
0.18	296.350231
0.19	322.578371
0.20	348.861175
0.21	375.079693
0.22	401.129181
0.23	426.914652
0.24	452.332287
0.25	477.294757
0.26	501.719822
0.27	525.539335
0.28	548.690642
0.29	571.116856
0.30	592.774487
0.31	613.619882
0.32	633.606742
0.33	652.700238
0.34	670.869789
0.35	688.086317
0.36	704.317258
0.37	719.541235
0.38	733.740461
0.39	746.897715
0.40	758.999778
0.41	770.029769
0.42	779.974322
0.43	788.820383
0.44	796.556987
0.45	803.176268
0.46	808.671402
0.47	813.034457
0.48	816.261276
0.49	818.350346
0.50	819.299533
0.51	819.106814
0.52	817.771731
0.53	815.297760
0.54	811.689331
0.55	806.948728
0.56	801.079365
0.57	794.087064
0.58	785.979708
0.59	776.767012
0.60	766.461548
0.61	755.077268
0.62	742.630552
0.63	729.138620
0.64	714.622204
0.65	699.106876
0.66	682.620778
0.67	665.193685
0.68	646.858100
0.69	627.646748
0.70	607.592621
0.71	586.738418
0.72	565.127872
0.73	542.812395
0.74	519.854157
0.75	496.315268
0.76	472.261804
0.77	447.760707
0.78	422.884880
0.79	397.733408
0.80	372.412458
0.81	347.050284
0.82	321.765721
0.83	296.676688
0.84	271.914925
0.85	247.621401
0.86	223.932645
0.87	201.014855
0.88	179.049284
0.89	158.174532
0.90	138.534776
0.91	120.274762
0.92	103.522259
0.93	88.404285
0.94	75.049255
0.95	63.570150
0.96	54.054472
0.97	46.575058
0.98	41.190252
0.99	37.942448
1.00	36.856932
