0.00	0.000000
0.01	1.171178
0.02	4.639154
0.03	10.363544
0.04	18.284067
0.05	28.322515
0.06	40.384906
0.07	54.363897
0.08	70.140909
0.09	87.588031
0.10	106.567679
0.11	126.930850
0.12	148.518151
0.13	171.158471
0.14	194.679094
0.15	218.922655
0.16	243.699359
0.17	268.844287
0.18	294.225499
0.19	319.696554
0.20	345.134424
0.21	370.421867
0.22	395.461792
0.23	420.163006
0.24	444.444388
0.25	468.235056
0.26	491.466184
0.27	514.082041
0.28	536.029418
0.29	557.264392
0.30	577.747432
0.31	597.438134
0.32	616.304190
0.33	634.318477
0.34	651.456294
0.35	667.693784
0.36	683.009388
0.37	697.383934
0.38	710.795805
0.39	723.225101
0.40	734.655669
0.41	745.072929
0.42	754.462066
0.43	762.809718
0.44	770.103278
0.45	776.332094
0.46	781.487669
0.47	785.560911
0.48	788.541637
0.49	790.422552
0.50	791.199937
0.51	790.871373
0.52	789.434161
0.53	786.888164
0.54	783.236149
0.55	778.480640
0.56	772.627439
0.57	765.682843
0.58	757.653952
0.59	748.554047
0.60	738.399271
0.61	727.203970
0.62	714.986872
0.63	701.769719
0.64	687.575671
0.65	672.428840
0.66	656.357758
0.67	639.390378
0.68	621.556704
0.69	602.890429
0.70	583.427131
0.71	563.203176
0.72	542.261770
0.73	520.648802
0.74	498.414815
0.75	475.611346
0.76	452.302784
0.77	428.549113
0.78	404.418289
0.79	379.995042
0.80	355.377197
0.81	330.677808
0.82	306.009356
0.83	281.499939
0.84	257.291465
0.85	233.568787
0.86	210.474729
0.87	188.143494
0.88	166.731057
0.89	146.383767
0.90	127.241833
0.91	109.463257
0.92	93.190902
0.93	78.574706
0.94	65.756394
0.95	54.840607
0.96	45.917807
0.97	39.064111
0.98	34.339787
0.99	31.787912
1.00	31.433231
