0.00	0.000000
0.01	1.229269
0.02	4.878905
0.03	10.914030
0.04	19.278333
0.05	29.895560
0.06	42.671347
0.07	57.495350
0.08	74.241224
0.09	92.769780
0.10	112.935276
0.11	134.586816
0.12	157.565239
0.13	181.709693
0.14	206.855676
0.15	232.811510
0.16	259.393967
0.17	286.425771
0.18	313.725877
0.19	341.138737
0.20	368.537619
0.21	395.797983
0.22	422.801923
0.23	449.435865
0.24	475.603660
0.25	501.219529
0.26	526.211188
0.27	550.512970
0.28	574.063278
0.29	596.808910
0.30	618.703607
0.31	639.706387
0.32	659.779832
0.33	678.891477
0.34	697.012622
0.35	714.117735
0.36	730.185529
0.37	745.198382
0.38	759.139811
0.39	771.998798
0.40	783.765253
0.41	794.427761
0.42	803.978326
0.43	812.412883
0.44	819.727000
0.45	825.916039
0.46	830.978432
0.47	834.912096
0.48	837.713174
0.49	839.379482
0.50	839.907413
0.51	839.296981
0.52	837.547112
0.53	834.655677
0.54	830.620897
0.55	825.444204
0.56	819.126765
0.57	811.673805
0.58	803.090573
0.59	793.382242
0.60	782.555728
0.61	770.620515
0.62	757.590897
0.63	743.482260
0.64	728.312123
0.65	712.099462
0.66	694.864914
0.67	676.632217
0.68	657.427490
0.69	637.284319
0.70	616.239767
0.71	594.334108
0.72	571.611770
0.73	548.121947
0.74	523.917296
0.75	499.055775
0.76	473.605098
0.77	447.638788
0.78	421.237215
0.79	394.485663
0.80	367.478422
0.81	340.318291
0.82	313.130987
0.83	286.068189
0.84	259.292334
0.85	232.989935
0.86	207.366345
0.87	182.594287
0.88	158.855169
0.89	136.294946
0.90	115.058479
0.91	95.303533
0.92	77.184549
0.93	60.842031
0.94	46.406644
0.95	33.997981
0.96	23.722549
0.97	15.671539
0.98	9.918600
0.99	6.517836
1.00	5.502231
