0.00	0.000000
0.01	1.267119
0.02	5.025209
0.03	11.232779
0.04	19.826594
0.05	30.723518
0.06	43.822703
0.07	59.007976
0.08	76.150636
0.09	95.112849
0.10	115.748731
0.11	137.897693
0.12	161.396225
0.13	186.071262
0.14	211.744614
0.15	238.239727
0.16	265.372342
0.17	292.944371
0.18	320.756248
0.19	348.648278
0.20	376.463353
0.21	404.067292
0.22	431.346297
0.23	458.197315
0.24	484.525185
0.25	510.247850
0.26	535.292022
0.27	559.593301
0.28	583.096023
0.29	605.752066
0.30	627.519464
0.31	648.361461
0.32	668.247292
0.33	687.154796
0.34	705.065836
0.35	721.965748
0.36	737.843623
0.37	752.691579
0.38	766.504093
0.39	779.277754
0.40	791.010047
0.41	801.700015
0.42	811.348603
0.43	819.956554
0.44	827.523819
0.45	834.049894
0.46	839.534078
0.47	843.974507
0.48	847.367653
0.49	849.709140
0.50	850.993360
0.51	851.214745
0.52	850.365643
0.53	848.436299
0.54	845.416884
0.55	841.297399
0.56	836.066830
0.57	829.715765
0.58	822.235693
0.59	813.620169
0.60	803.863515
0.61	792.961874
0.62	780.914104
0.63	767.721222
0.64	753.389847
0.65	737.933221
0.66	721.364442
0.67	703.701505
0.68	684.972118
0.69	665.207481
0.70	644.444370
0.71	622.724183
0.72	600.094895
0.73	576.607103
0.74	552.318262
0.75	527.296953
0.76	501.620481
0.77	475.373030
0.78	448.650083
0.79	421.553831
0.80	394.189817
0.81	366.689641
0.82	339.196111
0.83	311.864922
0.84	284.867785
0.85	258.368444
0.86	232.531208
0.87	207.542789
0.88	183.617021
0.89	160.940362
0.90	139.683639
0.91	120.010943
0.92	102.087068
0.93	86.063140
0.94	72.060167
0.95	60.186048
0.96	50.534273
0.97	43.182104
0.98	38.188761
0.99	35.593840
1.00	35.416152
