0.00	0.000000
0.01	1.193921
0.02	4.737767
0.03	10.598390
0.04	18.722011
0.05	29.035904
0.06	41.450496
0.07	55.861657
0.08	72.152938
0.09	90.197541
0.10	109.853309
0.11	130.954510
0.12	153.344168
0.13	176.867992
0.14	201.379059
0.15	226.717311
0.16	252.737834
0.17	279.246568
0.18	306.051269
0.19	332.995659
0.20	359.930058
0.21	386.734860
0.22	413.311211
0.23	439.554463
0.24	465.373973
0.25	490.685623
0.26	515.420853
0.27	539.512197
0.28	562.907236
0.29	585.557893
0.30	607.414398
0.31	628.432046
0.32	648.569013
0.33	667.790148
0.34	686.065104
0.35	703.365372
0.36	719.664987
0.37	734.941186
0.38	749.173755
0.39	762.345259
0.40	774.441737
0.41	785.451097
0.42	795.362461
0.43	804.166534
0.44	811.852701
0.45	818.411854
0.46	823.836913
0.47	828.123725
0.48	831.268442
0.49	833.266772
0.50	834.115140
0.51	833.810828
0.52	832.353099
0.53	829.742696
0.54	825.982789
0.55	821.078289
0.56	815.033506
0.57	807.855167
0.58	799.553128
0.59	790.135049
0.60	779.614522
0.61	768.008692
0.62	755.333805
0.63	741.609436
0.64	726.857575
0.65	711.102505
0.66	694.369729
0.67	676.687476
0.68	658.088404
0.69	638.608803
0.70	618.284136
0.71	597.151253
0.72	575.252344
0.73	552.632533
0.74	529.338665
0.75	505.425928
0.76	480.956686
0.77	455.996504
0.78	430.617676
0.79	404.900703
0.80	378.945154
0.81	352.854824
0.82	326.760716
0.83	300.792490
0.84	275.078762
0.85	249.761510
0.86	225.004915
0.87	200.985317
0.88	177.894047
0.89	155.889979
0.90	135.130296
0.91	115.767940
0.92	97.953258
0.93	81.826069
0.94	67.515882
0.95	55.138268
0.96	44.791855
0.97	36.558446
0.98	30.501985
0.99	26.667625
1.00	25.081068
