0.00	0.000000
0.01	1.234014
0.02	4.897199
0.03	10.954095
0.04	19.347881
0.05	30.002005
0.06	42.822278
0.07	57.700475
0.08	74.515319
0.09	93.134684
0.10	113.411092
0.11	135.189249
0.12	158.304663
0.13	182.587433
0.14	207.875351
0.15	233.993232
0.16	260.748099
0.17	287.978946
0.18	315.512232
0.19	343.186393
0.20	370.860921
0.21	398.408912
0.22	425.683932
0.23	452.573064
0.24	478.981314
0.25	504.822057
0.26	530.018134
0.27	554.501070
0.28	578.208219
0.29	601.087320
0.30	623.089958
0.31	644.174902
0.32	664.306239
0.33	683.453828
0.34	701.593003
0.35	718.699834
0.36	734.754869
0.37	749.741399
0.38	763.644505
0.39	776.453163
0.40	788.159759
0.41	798.759480
0.42	808.246495
0.43	816.616896
0.44	823.869247
0.45	830.001130
0.46	835.012388
0.47	838.904727
0.48	841.680622
0.49	843.343102
0.50	843.894826
0.51	843.338363
0.52	841.675599
0.53	838.908584
0.54	835.038475
0.55	830.065820
0.56	823.990457
0.57	816.813796
0.58	808.540412
0.59	799.175254
0.60	788.722450
0.61	777.185716
0.62	764.570077
0.63	750.884992
0.64	736.140331
0.65	720.348496
0.66	703.526990
0.67	685.694081
0.68	666.871273
0.69	647.085279
0.70	626.367417
0.71	604.753172
0.72	582.283114
0.73	559.004981
0.74	534.976016
0.75	510.260464
0.76	484.926513
0.77	459.052414
0.78	432.724321
0.79	406.045736
0.80	379.131923
0.81	352.109190
0.82	325.107702
0.83	298.282680
0.84	271.778025
0.85	245.734752
0.86	220.313971
0.87	195.680714
0.88	171.994893
0.89	149.419594
0.90	128.125214
0.91	108.291190
0.92	90.083564
0.93	73.649742
0.94	59.122806
0.95	46.629483
0.96	36.278652
0.97	28.154464
0.98	22.320391
0.99	18.818887
1.00	17.671162
