0.00	0.000000
0.01	1.142993
0.02	4.529896
0.03	10.126712
0.04	17.883695
0.05	27.737225
0.06	39.612042
0.07	53.423178
0.08	69.064578
0.09	86.409699
0.10	105.319016
0.11	125.645742
0.12	147.232321
0.13	169.889079
0.14	193.448004
0.15	217.753146
0.16	242.649408
0.17	267.975678
0.18	293.573314
0.19	319.308454
0.20	345.064369
0.21	370.735874
0.22	396.229268
0.23	421.454553
0.24	446.325790
0.25	470.773072
0.26	494.727337
0.27	518.122885
0.28	540.895924
0.29	562.981100
0.30	584.320932
0.31	604.869450
0.32	624.588551
0.33	643.439801
0.34	661.386790
0.35	678.402011
0.36	694.460620
0.37	709.539966
0.38	723.621838
0.39	736.688761
0.40	748.724149
0.41	759.711362
0.42	769.634716
0.43	778.482494
0.44	786.242294
0.45	792.902598
0.46	798.452866
0.47	802.885342
0.48	806.191239
0.49	808.363974
0.50	809.397843
0.51	809.287512
0.52	808.027894
0.53	805.620455
0.54	802.065708
0.55	797.365694
0.56	791.524125
0.57	784.547186
0.58	776.441524
0.59	767.218113
0.60	756.888296
0.61	745.463989
0.62	732.959904
0.63	719.393601
0.64	704.785086
0.65	689.157146
0.66	672.535276
0.67	654.948127
0.68	636.428344
0.69	617.015741
0.70	596.750843
0.71	575.677878
0.72	553.847799
0.73	531.314182
0.74	508.135422
0.75	484.366217
0.76	460.068869
0.77	435.315482
0.78	410.195719
0.79	384.813982
0.80	359.268914
0.81	333.671758
0.82	308.142467
0.83	282.819572
0.84	257.844208
0.85	233.368029
0.86	209.543284
0.87	186.521834
0.88	164.470314
0.89	143.547838
0.90	123.907918
0.91	105.692698
0.92	89.032373
0.93	74.053146
0.94	60.872321
0.95	49.598562
0.96	40.339669
0.97	33.168756
0.98	28.137415
0.99	25.281147
1.00	24.621135
