0.00	0.000000
0.01	1.164733
0.02	4.613506
0.03	10.304832
0.04	18.177018
0.05	28.149933
0.06	40.127241
0.07	53.998779
0.08	69.640995
0.09	86.918010
0.10	105.700178
0.11	125.854750
0.12	147.224242
0.13	169.659172
0.14	193.005940
0.15	217.095719
0.16	241.750233
0.17	266.803421
0.18	292.122849
0.19	317.586189
0.20	343.070289
0.21	368.466537
0.22	393.682622
0.23	418.635945
0.24	443.252272
0.25	467.465554
0.26	491.209980
0.27	514.419890
0.28	537.033812
0.29	558.999697
0.30	580.273871
0.31	600.808401
0.32	620.565053
0.33	639.510429
0.34	657.612801
0.35	674.843174
0.36	691.174122
0.37	706.580773
0.38	721.038837
0.39	734.522995
0.40	747.011935
0.41	758.485024
0.42	768.920167
0.43	778.298287
0.44	786.605131
0.45	793.827084
0.46	799.950687
0.47	804.964905
0.48	808.861256
0.49	811.632611
0.50	813.269979
0.51	813.764808
0.52	813.113093
0.53	811.310544
0.54	808.353983
0.55	804.245955
0.56	798.986503
0.57	792.581141
0.58	785.039233
0.59	776.371021
0.60	766.585741
0.61	755.695867
0.62	743.716654
0.63	730.666017
0.64	716.565346
0.65	701.441445
0.66	685.321646
0.67	668.236496
0.68	650.221995
0.69	631.311598
0.70	611.539321
0.71	590.944366
0.72	569.570952
0.73	547.467030
0.74	524.689341
0.75	501.296541
0.76	477.355818
0.77	452.943414
0.78	428.145320
0.79	403.057803
0.80	377.787206
0.81	352.439350
0.82	327.136070
0.83	301.989129
0.84	277.121130
0.85	252.680069
0.86	228.841131
0.87	205.769733
0.88	183.651417
0.89	162.645834
0.90	142.884568
0.91	124.491688
0.92	107.613936
0.93	92.396653
0.94	78.961641
0.95	67.408866
0.96	57.818140
0.97	50.256758
0.98	44.782488
0.99	41.436402
1.00	40.241379
