0.00	0.000000
0.01	1.215067
0.02	4.817001
0.03	10.767863
0.04	19.009151
0.05	29.463575
0.06	42.037285
0.07	56.624452
0.08	73.107645
0.09	91.358485
0.10	111.238781
0.11	132.607968
0.12	155.327934
0.13	179.241742
0.14	204.174686
0.15	229.929464
0.16	256.321043
0.17	283.186389
0.18	310.359183
0.19	337.671876
0.20	364.962039
0.21	392.106859
0.22	418.998800
0.23	445.540206
0.24	471.642023
0.25	497.222673
0.26	522.211161
0.27	546.541012
0.28	570.155737
0.29	593.004843
0.30	615.036548
0.31	636.208956
0.32	656.484397
0.33	675.823911
0.34	694.197963
0.35	711.578738
0.36	727.942218
0.37	743.265798
0.38	757.528469
0.39	770.709125
0.40	782.790239
0.41	793.755985
0.42	803.591827
0.43	812.286205
0.44	819.830664
0.45	826.218146
0.46	831.440701
0.47	835.492849
0.48	838.371095
0.49	840.072342
0.50	840.595076
0.51	839.936339
0.52	838.096164
0.53	835.076297
0.54	830.878348
0.55	825.506382
0.56	818.965691
0.57	811.265162
0.58	802.415697
0.59	792.429263
0.60	781.320665
0.61	769.107411
0.62	755.809222
0.63	741.446733
0.64	726.041379
0.65	709.617450
0.66	692.202473
0.67	673.827429
0.68	654.524673
0.69	634.331053
0.70	613.288434
0.71	591.441636
0.72	568.840448
0.73	545.536482
0.74	521.586623
0.75	497.047878
0.76	471.988760
0.77	446.484664
0.78	420.614976
0.79	394.475671
0.80	368.180346
0.81	341.851627
0.82	315.613181
0.83	289.583315
0.84	263.891441
0.85	238.689076
0.86	214.117216
0.87	190.326873
0.88	167.504900
0.89	145.824776
0.90	125.430786
0.91	106.479709
0.92	89.110886
0.93	73.463335
0.94	59.670665
0.95	47.850520
0.96	38.104806
0.97	30.518751
0.98	25.159961
0.99	22.077087
1.00	21.298794
