0.00	0.000000
0.01	1.195646
0.02	4.743080
0.03	10.606189
0.04	18.729067
0.05	29.037648
0.06	41.441535
0.07	55.835814
0.08	72.102559
0.09	90.111832
0.10	109.722165
0.11	130.769479
0.12	153.054576
0.13	176.384499
0.14	200.594234
0.15	225.530104
0.16	251.032688
0.17	276.940503
0.18	303.114212
0.19	329.423736
0.20	355.726477
0.21	381.909183
0.22	407.866586
0.23	433.493721
0.24	458.702825
0.25	483.418901
0.26	507.577786
0.27	531.119248
0.28	553.984592
0.29	576.117340
0.30	597.470308
0.31	618.000414
0.32	637.671088
0.33	656.452358
0.34	674.316522
0.35	691.237401
0.36	707.189628
0.37	722.150786
0.38	736.101086
0.39	749.021859
0.40	760.899106
0.41	771.721315
0.42	781.478284
0.43	790.160915
0.44	797.761415
0.45	804.272703
0.46	809.689394
0.47	814.004980
0.48	817.211860
0.49	819.303848
0.50	820.274870
0.51	820.118450
0.52	818.830668
0.53	816.407093
0.54	812.845900
0.55	808.147217
0.56	802.314380
0.57	795.351890
0.58	787.264458
0.59	778.059029
0.60	767.744023
0.61	756.328490
0.62	743.824004
0.63	730.246323
0.64	715.610652
0.65	699.937266
0.66	683.250450
0.67	665.578284
0.68	646.953099
0.69	627.411469
0.70	606.993380
0.71	585.741099
0.72	563.699589
0.73	540.917130
0.74	517.448211
0.75	493.355848
0.76	468.712751
0.77	443.597038
0.78	418.088309
0.79	392.275581
0.80	366.267801
0.81	340.176587
0.82	314.127300
0.83	288.264082
0.84	262.732154
0.85	237.681721
0.86	213.264167
0.87	189.646183
0.88	166.997415
0.89	145.485193
0.90	125.279002
0.91	106.544703
0.92	89.446570
0.93	74.133844
0.94	60.729197
0.95	49.334202
0.96	40.035655
0.97	32.908158
0.98	28.009153
0.99	25.376969
1.00	25.030433
