0.00	0.000000
0.01	1.170973
0.02	4.646297
0.03	10.396597
0.04	18.372085
0.05	28.503913
0.06	40.705886
0.07	54.876380
0.08	70.900322
0.09	88.648030
0.10	107.978329
0.11	128.745819
0.12	150.796847
0.13	173.963572
0.14	198.065368
0.15	222.940587
0.16	248.443438
0.17	274.427314
0.18	300.732357
0.19	327.201402
0.20	353.703617
0.21	380.128800
0.22	406.362961
0.23	432.310413
0.24	457.886921
0.25	483.006222
0.26	507.591319
0.27	531.573545
0.28	554.887729
0.29	577.476792
0.30	599.295905
0.31	620.301621
0.32	640.457569
0.33	659.727343
0.34	678.074755
0.35	695.470900
0.36	711.889878
0.37	727.305730
0.38	741.693347
0.39	755.029866
0.40	767.294406
0.41	778.468399
0.42	788.536332
0.43	797.486302
0.44	805.307393
0.45	811.988894
0.46	817.521707
0.47	821.901428
0.48	825.124785
0.49	827.189136
0.50	828.092666
0.51	827.835964
0.52	826.420607
0.53	823.849763
0.54	820.126624
0.55	815.257886
0.56	809.250655
0.57	802.114181
0.58	793.858616
0.59	784.495807
0.60	774.037602
0.61	762.499091
0.62	749.898614
0.63	736.255637
0.64	721.590928
0.65	705.925144
0.66	689.282664
0.67	671.692091
0.68	653.181446
0.69	633.782371
0.70	613.533536
0.71	592.477085
0.72	570.657203
0.73	548.119268
0.74	524.916933
0.75	501.106569
0.76	476.753721
0.77	451.936435
0.78	426.733673
0.79	401.239462
0.80	375.558920
0.81	349.804895
0.82	324.113031
0.83	298.616157
0.84	273.453096
0.85	248.774131
0.86	224.726648
0.87	201.455224
0.88	179.115508
0.89	157.863912
0.90	137.856108
0.91	119.276894
0.92	102.272439
0.93	86.975522
0.94	73.499666
0.95	61.953350
0.96	52.428739
0.97	45.007049
0.98	39.749265
0.99	36.697661
1.00	35.875298
