0.00	0.000000
0.01	1.162404
0.02	4.607762
0.03	10.301390
0.04	18.189373
0.05	28.200151
0.06	40.246466
0.07	54.227535
0.08	70.031282
0.09	87.535240
0.10	106.611258
0.11	127.131484
0.12	148.961592
0.13	171.957484
0.14	195.940883
0.15	220.738675
0.16	246.196516
0.17	272.127741
0.18	298.369020
0.19	324.774395
0.20	351.218940
0.21	377.590599
0.22	403.779078
0.23	429.687558
0.24	455.230619
0.25	480.328039
0.26	504.902947
0.27	528.877447
0.28	552.183295
0.29	574.758806
0.30	596.554145
0.31	617.524686
0.32	637.624975
0.33	656.813851
0.34	675.049245
0.35	692.294270
0.36	708.518892
0.37	723.697588
0.38	737.808373
0.39	750.831181
0.40	762.748738
0.41	773.545027
0.42	783.207044
0.43	791.725581
0.44	799.094282
0.45	805.309163
0.46	810.364994
0.47	814.258219
0.48	816.987890
0.49	818.553630
0.50	818.957332
0.51	818.202272
0.52	816.292494
0.53	813.233364
0.54	809.033276
0.55	803.702806
0.56	797.255498
0.57	789.704844
0.58	781.065366
0.59	771.352044
0.60	760.580565
0.61	748.770096
0.62	735.942342
0.63	722.121431
0.64	707.328263
0.65	691.586193
0.66	674.919311
0.67	657.354798
0.68	638.922795
0.69	619.658954
0.70	599.603054
0.71	578.795275
0.72	557.277346
0.73	535.095049
0.74	512.297527
0.75	488.937777
0.76	465.072835
0.77	440.770592
0.78	416.113267
0.79	391.189403
0.80	366.092563
0.81	340.939551
0.82	315.857018
0.83	290.988327
0.84	266.457728
0.85	242.391671
0.86	218.935199
0.87	196.230150
0.88	174.435571
0.89	153.718256
0.90	134.229348
0.91	116.117258
0.92	99.533521
0.93	84.606991
0.94	71.465255
0.95	60.206094
0.96	50.909591
0.97	43.643767
0.98	38.462769
0.99	35.405215
1.00	34.492921
