0.00	0.000000
0.01	1.239965
0.02	4.916427
0.03	10.988301
0.04	19.393680
0.05	30.051642
0.06	42.864343
0.07	57.719340
0.08	74.491177
0.09	93.042754
0.10	113.230007
0.11	134.899659
0.12	157.883443
0.13	182.011075
0.14	207.129098
0.15	233.042961
0.16	259.557118
0.17	286.495301
0.18	313.702325
0.19	341.029086
0.20	368.315876
0.21	395.433846
0.22	422.274495
0.23	448.737507
0.24	474.741015
0.25	500.205073
0.26	525.056488
0.27	549.231656
0.28	572.674989
0.29	595.337068
0.30	617.173708
0.31	638.149659
0.32	658.230236
0.33	677.383867
0.34	695.583997
0.35	712.807425
0.36	729.035353
0.37	744.251593
0.38	758.441755
0.39	771.595745
0.40	783.705214
0.41	794.761964
0.42	804.758577
0.43	813.690342
0.44	821.552615
0.45	828.340931
0.46	834.050630
0.47	838.675863
0.48	842.210729
0.49	844.647783
0.50	845.980772
0.51	846.204874
0.52	845.315554
0.53	843.309483
0.54	840.184224
0.55	835.937314
0.56	830.563792
0.57	824.058123
0.58	816.419615
0.59	807.649327
0.60	797.751107
0.61	786.728146
0.62	774.587436
0.63	761.337007
0.64	746.988056
0.65	731.556627
0.66	715.060216
0.67	697.518162
0.68	678.956047
0.69	659.402174
0.70	638.888856
0.71	617.454613
0.72	595.142343
0.73	572.000136
0.74	548.078961
0.75	523.450266
0.76	498.189467
0.77	472.376811
0.78	446.108863
0.79	419.492750
0.80	392.643605
0.81	365.679085
0.82	338.723423
0.83	311.922303
0.84	285.442541
0.85	259.437868
0.86	234.067626
0.87	209.508655
0.88	185.951384
0.89	163.553884
0.90	142.471595
0.91	122.862866
0.92	104.885450
0.93	88.692218
0.94	74.422276
0.95	62.196105
0.96	52.119011
0.97	44.277066
0.98	38.734588
0.99	35.533719
1.00	34.694375
