0.00	0.000000
0.01	1.145325
0.02	4.543001
0.03	10.163016
0.04	17.956480
0.05	27.857118
0.06	39.781149
0.07	53.633156
0.08	69.307655
0.09	86.682689
0.10	105.614746
0.11	125.963489
0.12	147.582540
0.13	170.319814
0.14	194.020905
0.15	218.511259
0.16	243.608707
0.17	269.170542
0.18	295.060414
0.19	321.159085
0.20	347.332329
0.21	373.422552
0.22	399.311208
0.23	424.896082
0.24	450.086944
0.25	474.791025
0.26	498.937832
0.27	522.463613
0.28	545.305613
0.29	567.409250
0.30	588.724696
0.31	609.204066
0.32	628.805913
0.33	647.493709
0.34	665.231782
0.35	681.988471
0.36	697.737826
0.37	712.456827
0.38	726.126710
0.39	738.730536
0.40	750.253668
0.41	760.684421
0.42	770.010211
0.43	778.218392
0.44	785.299967
0.45	791.248434
0.46	796.061755
0.47	799.739930
0.48	802.285618
0.49	803.700050
0.50	803.985103
0.51	803.144922
0.52	801.184487
0.53	798.109130
0.54	793.926108
0.55	788.643749
0.56	782.269418
0.57	774.812248
0.58	766.283078
0.59	756.693274
0.60	746.053826
0.61	734.381853
0.62	721.696892
0.63	708.018043
0.64	693.365277
0.65	677.761673
0.66	661.230238
0.67	643.798382
0.68	625.497176
0.69	606.360375
0.70	586.424712
0.71	565.733964
0.72	544.337223
0.73	522.283157
0.74	499.625152
0.75	476.423993
0.76	452.750865
0.77	428.686342
0.78	404.316998
0.79	379.738422
0.80	355.050319
0.81	330.353100
0.82	305.746662
0.83	281.345245
0.84	257.265597
0.85	233.635741
0.86	210.600278
0.87	188.302796
0.88	166.887296
0.89	146.497446
0.90	127.278692
0.91	109.384987
0.92	92.981088
0.93	78.210708
0.94	65.209094
0.95	54.084424
0.96	44.924199
0.97	37.798679
0.98	32.761712
0.99	29.850427
1.00	29.085134
