0.00	0.000000
0.01	1.182360
0.02	4.697348
0.03	10.521294
0.04	18.609125
0.05	28.895145
0.06	41.294246
0.07	55.701518
0.08	71.997665
0.09	90.045556
0.10	109.700381
0.11	130.805668
0.12	153.185405
0.13	176.670623
0.14	201.107047
0.15	226.347172
0.16	252.240444
0.17	278.624162
0.18	305.346055
0.19	332.238827
0.20	359.161702
0.21	385.993875
0.22	412.616190
0.23	438.904981
0.24	464.760601
0.25	490.098140
0.26	514.848255
0.27	538.940400
0.28	562.310586
0.29	584.894606
0.30	606.642600
0.31	627.510965
0.32	647.462674
0.33	666.467054
0.34	684.496828
0.35	701.529400
0.36	717.545400
0.37	732.526026
0.38	746.455322
0.39	759.320733
0.40	771.108071
0.41	781.803539
0.42	791.397056
0.43	799.880207
0.44	807.247176
0.45	813.494158
0.46	818.616547
0.47	822.610464
0.48	825.472460
0.49	827.201173
0.50	827.796181
0.51	827.257555
0.52	825.586165
0.53	822.784215
0.54	818.851938
0.55	813.787968
0.56	807.595167
0.57	800.280157
0.58	791.847683
0.59	782.301770
0.60	771.650874
0.61	759.905071
0.62	747.076155
0.63	733.175817
0.64	718.219370
0.65	702.224300
0.66	685.210577
0.67	667.201326
0.68	648.223233
0.69	628.308917
0.70	607.494322
0.71	585.819566
0.72	563.328187
0.73	540.069422
0.74	516.105372
0.75	491.498022
0.76	466.313708
0.77	440.630826
0.78	414.531329
0.79	388.101356
0.80	361.447596
0.81	334.696944
0.82	307.968456
0.83	281.394938
0.84	255.124808
0.85	229.307272
0.86	204.111364
0.87	179.709638
0.88	156.260706
0.89	133.922686
0.90	112.868356
0.91	93.261351
0.92	75.254182
0.93	58.978639
0.94	44.557197
0.95	32.106620
0.96	21.731613
0.97	13.522552
0.98	7.554100
0.99	3.883104
1.00	2.546798
