0.00	0.000000
0.01	1.186463
0.02	4.739855
0.03	10.623116
0.04	18.775777
0.05	29.115803
0.06	41.541681
0.07	55.936625
0.08	72.175736
0.09	90.128641
0.10	109.661580
0.11	130.629463
0.12	152.890972
0.13	176.314415
0.14	200.767381
0.15	226.112583
0.16	252.210756
0.17	278.922017
0.18	306.100371
0.19	333.595600
0.20	361.250039
0.21	388.901820
0.22	416.394695
0.23	443.571857
0.24	470.278275
0.25	496.383425
0.26	521.793271
0.27	546.430659
0.28	570.231974
0.29	593.142619
0.30	615.115994
0.31	636.112212
0.32	656.097091
0.33	675.043700
0.34	692.931022
0.35	709.743339
0.36	725.469361
0.37	740.101510
0.38	753.635572
0.39	766.070161
0.40	777.406086
0.41	787.645960
0.42	796.793931
0.43	804.855093
0.44	811.834949
0.45	817.739115
0.46	822.572975
0.47	826.341384
0.48	829.048520
0.49	830.697518
0.50	831.290310
0.51	830.827544
0.52	829.308678
0.53	826.732042
0.54	823.094927
0.55	818.393666
0.56	812.623831
0.57	805.780706
0.58	797.859084
0.59	788.853786
0.60	778.760060
0.61	767.574014
0.62	755.293070
0.63	741.916653
0.64	727.446430
0.65	711.886971
0.66	695.246294
0.67	677.536228
0.68	658.773054
0.69	638.977945
0.70	618.177913
0.71	596.406094
0.72	573.702192
0.73	550.113717
0.74	525.698565
0.75	500.524187
0.76	474.677681
0.77	448.277363
0.78	421.449869
0.79	394.324942
0.80	367.039976
0.81	339.742355
0.82	312.580286
0.83	285.709031
0.84	259.291661
0.85	233.483302
0.86	208.430530
0.87	184.272726
0.88	161.141551
0.89	139.167232
0.90	118.483986
0.91	99.221289
0.92	81.515136
0.93	65.502697
0.94	51.316392
0.95	39.080260
0.96	28.907238
0.97	20.894135
0.98	15.119135
0.99	11.639473
1.00	10.489681
