0.00	0.000000
0.01	1.190215
0.02	4.752636
0.03	10.647127
0.04	18.810169
0.05	29.156831
0.06	41.583333
0.07	55.969560
0.08	72.185571
0.09	90.098393
0.10	109.569892
0.11	130.465304
0.12	152.655447
0.13	176.012290
0.14	200.404177
0.15	225.695020
0.16	251.747494
0.17	278.421437
0.18	305.571417
0.19	333.044884
0.20	360.682133
0.21	388.318173
0.22	415.783670
0.23	442.911814
0.24	469.551906
0.25	495.584279
0.26	520.919339
0.27	545.481309
0.28	569.207263
0.29	592.043208
0.30	613.942971
0.31	634.867399
0.32	654.784582
0.33	673.668691
0.34	691.499469
0.35	708.261332
0.36	723.942918
0.37	738.536568
0.38	752.037587
0.39	764.443818
0.40	775.755771
0.41	785.975474
0.42	795.106302
0.43	803.152376
0.44	810.118116
0.45	816.008149
0.46	820.826941
0.47	824.578428
0.48	827.265592
0.49	828.890784
0.50	829.455530
0.51	828.960251
0.52	827.404467
0.53	824.786707
0.54	821.104217
0.55	816.353940
0.56	810.532494
0.57	803.636089
0.58	795.660696
0.59	786.602444
0.60	776.457897
0.61	765.224488
0.62	752.901018
0.63	739.488140
0.64	724.988677
0.65	709.408027
0.66	692.754748
0.67	675.041100
0.68	656.283545
0.69	636.503152
0.70	615.726270
0.71	593.985374
0.72	571.320634
0.73	547.779267
0.74	523.416821
0.75	498.301821
0.76	472.525728
0.77	446.200403
0.78	419.448762
0.79	392.410778
0.80	365.234219
0.81	338.063419
0.82	311.045379
0.83	284.324282
0.84	258.047573
0.85	232.364829
0.86	207.426833
0.87	183.382943
0.88	160.379082
0.89	138.550396
0.90	118.028055
0.91	98.938499
0.92	81.409595
0.93	65.576677
0.94	51.576434
0.95	39.535961
0.96	29.568452
0.97	21.770621
0.98	16.220126
0.99	12.973268
1.00	12.063242
