0.00	0.000000
0.01	1.185617
0.02	4.735320
0.03	10.610562
0.04	18.749319
0.05	29.068135
0.06	41.467005
0.07	55.829769
0.08	72.028011
0.09	89.925802
0.10	109.387184
0.11	130.271371
0.12	152.447042
0.13	175.785584
0.14	200.154445
0.15	225.418867
0.16	251.442039
0.17	278.085188
0.18	305.208031
0.19	332.662024
0.20	360.294213
0.21	387.949506
0.22	415.463980
0.23	442.654706
0.24	469.356185
0.25	495.452000
0.26	520.853847
0.27	545.486954
0.28	569.288480
0.29	592.204410
0.30	614.188075
0.31	635.199731
0.32	655.205816
0.33	674.178685
0.34	692.096627
0.35	708.942693
0.36	724.704260
0.37	739.373034
0.38	752.943917
0.39	765.414613
0.40	776.785197
0.41	787.057583
0.42	796.234957
0.43	804.321345
0.44	811.321286
0.45	817.239435
0.46	822.080266
0.47	825.847933
0.48	828.545893
0.49	830.176782
0.50	830.742388
0.51	830.243583
0.52	828.680249
0.53	826.051397
0.54	822.355133
0.55	817.588742
0.56	811.748901
0.57	804.831860
0.58	796.833834
0.59	787.751223
0.60	777.580920
0.61	766.320770
0.62	753.969872
0.63	740.529005
0.64	726.001119
0.65	710.391962
0.66	693.710598
0.67	675.969819
0.68	657.186807
0.69	637.383434
0.70	616.586852
0.71	594.829967
0.72	572.152694
0.73	548.602073
0.74	524.232464
0.75	499.107749
0.76	473.308918
0.77	446.938173
0.78	420.117173
0.79	392.997161
0.80	365.732770
0.81	338.479128
0.82	311.393569
0.83	284.624956
0.84	258.318826
0.85	232.621969
0.86	207.678145
0.87	183.629656
0.88	160.613304
0.89	138.763811
0.90	118.210459
0.91	99.082166
0.92	81.510136
0.93	65.627093
0.94	51.567207
0.95	39.456250
0.96	29.407451
0.97	21.518169
0.98	15.867180
0.99	12.512336
1.00	11.488769
