0.00	0.000000
0.01	1.199939
0.02	4.794515
0.03	10.747471
0.04	18.998558
0.05	29.465394
0.06	42.045742
0.07	56.621415
0.08	73.062765
0.09	91.233292
0.10	110.996178
0.11	132.216498
0.12	154.761495
0.13	178.491210
0.14	203.267273
0.15	228.952321
0.16	255.406691
0.17	282.490044
0.18	310.055116
0.19	337.954169
0.20	366.036628
0.21	394.145935
0.22	422.116017
0.23	449.765903
0.24	476.931668
0.25	503.488320
0.26	529.338199
0.27	554.400133
0.28	578.607949
0.29	601.906199
0.30	624.247194
0.31	645.590804
0.32	665.903118
0.33	685.156428
0.34	703.329361
0.35	720.406048
0.36	736.375109
0.37	751.229013
0.38	764.963584
0.39	777.576730
0.40	789.068901
0.41	799.443253
0.42	808.704235
0.43	816.857137
0.44	823.907700
0.45	829.861774
0.46	834.725092
0.47	838.502880
0.48	841.199578
0.49	842.818624
0.50	843.362278
0.51	842.831597
0.52	841.226463
0.53	838.545658
0.54	834.786823
0.55	829.946559
0.56	824.020659
0.57	817.004319
0.58	808.892433
0.59	799.680061
0.60	789.362553
0.61	777.935993
0.62	765.397886
0.63	751.748115
0.64	736.988200
0.65	721.122191
0.66	704.157407
0.67	686.105136
0.68	666.981097
0.69	646.806360
0.70	625.607538
0.71	603.417313
0.72	580.275035
0.73	556.227331
0.74	531.328595
0.75	505.644523
0.76	479.259306
0.77	452.278850
0.78	424.835532
0.79	397.075293
0.80	369.152314
0.81	341.228833
0.82	313.468383
0.83	286.028633
0.84	259.060683
0.85	232.709150
0.86	207.116944
0.87	182.423354
0.88	158.774526
0.89	136.308109
0.90	115.157990
0.91	95.454920
0.92	77.325895
0.93	60.907339
0.94	46.338246
0.95	33.749600
0.96	23.258786
0.97	14.966730
0.98	8.955052
0.99	5.283647
1.00	3.988852
