0.00	0.000000
0.01	1.185729
0.02	4.737729
0.03	10.619846
0.04	18.772687
0.05	29.115513
0.06	41.548569
0.07	55.955302
0.08	72.206786
0.09	90.168294
0.10	109.703728
0.11	130.684800
0.12	152.983278
0.13	176.466886
0.14	201.000436
0.15	226.444426
0.16	252.656636
0.17	279.491940
0.18	306.798196
0.19	334.415250
0.20	362.180828
0.21	389.934411
0.22	417.518526
0.23	444.784018
0.24	471.592436
0.25	497.813621
0.26	523.346536
0.27	548.104757
0.28	572.019924
0.29	595.036607
0.30	617.107842
0.31	638.194176
0.32	658.262946
0.33	677.287616
0.34	695.247163
0.35	712.125578
0.36	727.911657
0.37	742.598154
0.38	756.181174
0.39	768.659702
0.40	780.035012
0.41	790.310088
0.42	799.489121
0.43	807.577097
0.44	814.579376
0.45	820.501438
0.46	825.348408
0.47	829.124792
0.48	831.834307
0.49	833.479734
0.50	834.062642
0.51	833.583474
0.52	832.041478
0.53	829.434707
0.54	825.760095
0.55	821.013696
0.56	815.191095
0.57	808.287665
0.58	800.298218
0.59	791.217786
0.60	781.041977
0.61	769.767160
0.62	757.390900
0.63	743.912549
0.64	729.333656
0.65	713.658578
0.66	696.895018
0.67	679.054626
0.68	660.153349
0.69	640.212734
0.70	619.259977
0.71	597.328175
0.72	574.457202
0.73	550.694182
0.74	526.095061
0.75	500.725600
0.76	474.662538
0.77	448.005904
0.78	420.882479
0.79	393.447094
0.80	365.879345
0.81	338.334840
0.82	310.966952
0.83	283.927485
0.84	257.363999
0.85	231.420411
0.86	206.236989
0.87	181.950234
0.88	158.694579
0.89	136.601780
0.90	115.803038
0.91	96.433739
0.92	78.630656
0.93	62.528882
0.94	48.262878
0.95	35.960588
0.96	25.739279
0.97	17.700050
0.98	11.924885
0.99	8.474167
1.00	7.384860
