0.00	0.000000
0.01	1.193323
0.02	4.767160
0.03	10.684237
0.04	18.883646
0.05	29.282722
0.06	41.779458
0.07	56.256165
0.08	72.580082
0.09	90.611739
0.10	110.217139
0.11	131.267448
0.12	153.633875
0.13	177.182440
0.14	201.775880
0.15	227.274257
0.16	253.540934
0.17	280.434725
0.18	307.809976
0.19	335.516272
0.20	363.399026
0.21	391.295881
0.22	419.036765
0.23	446.453951
0.24	473.390239
0.25	499.723372
0.26	525.354985
0.27	550.203874
0.28	574.204475
0.29	597.301820
0.30	619.448738
0.31	640.605646
0.32	660.739802
0.33	679.824703
0.34	697.839556
0.35	714.768588
0.36	730.600755
0.37	745.328984
0.38	758.949615
0.39	771.461763
0.40	782.866930
0.41	793.168330
0.42	802.370348
0.43	810.478147
0.44	817.497307
0.45	823.433469
0.46	828.291941
0.47	832.077400
0.48	834.793659
0.49	836.443171
0.50	837.027549
0.51	836.547583
0.52	835.002778
0.53	832.391354
0.54	828.710330
0.55	823.955775
0.56	818.122921
0.57	811.206533
0.58	803.201065
0.59	794.100994
0.60	783.901256
0.61	772.597555
0.62	760.186838
0.63	746.667802
0.64	732.041385
0.65	716.311285
0.66	699.484831
0.67	681.573380
0.68	662.592646
0.69	642.563520
0.70	621.513017
0.71	599.474395
0.72	576.487353
0.73	552.598777
0.74	527.863536
0.75	502.345829
0.76	476.128010
0.77	449.309705
0.78	422.011789
0.79	394.387060
0.80	366.599547
0.81	338.815133
0.82	311.197422
0.83	283.910846
0.84	257.110611
0.85	230.945013
0.86	205.556134
0.87	181.080155
0.88	157.652179
0.89	135.409788
0.90	114.481449
0.91	94.994362
0.92	77.083071
0.93	60.884400
0.94	46.532358
0.95	34.154353
0.96	23.867237
0.97	15.771522
0.98	9.948519
0.99	6.458071
1.00	5.336646
