0.00	0.000000
0.01	1.176921
0.02	4.701156
0.03	10.534801
0.04	18.616967
0.05	28.865693
0.06	41.180290
0.07	55.444610
0.08	71.532154
0.09	89.309390
0.10	108.646513
0.11	129.411448
0.12	151.471756
0.13	174.692007
0.14	198.934560
0.15	224.059976
0.16	249.927993
0.17	276.393795
0.18	303.310708
0.19	330.532825
0.20	357.913719
0.21	385.294655
0.22	412.514574
0.23	439.417409
0.24	465.858515
0.25	491.712974
0.26	516.883604
0.27	541.293942
0.28	564.881645
0.29	587.592899
0.30	609.381748
0.31	630.208989
0.32	650.041998
0.33	668.854068
0.34	686.623655
0.35	703.333805
0.36	718.971657
0.37	733.528574
0.38	746.999260
0.39	759.380962
0.40	770.673249
0.41	780.877291
0.42	789.995573
0.43	798.031335
0.44	804.988364
0.45	810.870636
0.46	815.681943
0.47	819.425588
0.48	822.104448
0.49	823.720578
0.50	824.275216
0.51	823.768961
0.52	822.201068
0.53	819.569857
0.54	815.872662
0.55	811.105908
0.56	805.265775
0.57	798.348187
0.58	790.348656
0.59	781.262661
0.60	771.086323
0.61	759.816730
0.62	747.452348
0.63	733.993480
0.64	719.442905
0.65	703.806212
0.66	687.092439
0.67	669.314142
0.68	650.488127
0.69	630.636232
0.70	609.785461
0.71	587.969113
0.72	565.227268
0.73	541.607316
0.74	517.164181
0.75	491.963591
0.76	466.089847
0.77	439.649289
0.78	412.773013
0.79	385.608269
0.80	358.319992
0.81	331.051403
0.82	303.945090
0.83	277.150913
0.84	250.823837
0.85	225.112014
0.86	200.158802
0.87	176.104795
0.88	153.084591
0.89	131.229688
0.90	110.676032
0.91	91.559674
0.92	74.012953
0.93	58.169476
0.94	44.163257
0.95	32.120014
0.96	22.152140
0.97	14.358287
0.98	8.818480
0.99	5.591221
1.00	4.711821
