0.00	0.000000
0.01	1.195291
0.02	4.775022
0.03	10.702227
0.04	18.916302
0.05	29.334897
0.06	41.856251
0.07	56.363859
0.08	72.729152
0.09	90.811546
0.10	110.469434
0.11	131.568161
0.12	153.979198
0.13	177.572839
0.14	202.214287
0.15	227.766244
0.16	254.090360
0.17	281.044877
0.18	308.478908
0.19	336.236687
0.20	364.163234
0.21	392.093396
0.22	419.858475
0.23	447.284649
0.24	474.226987
0.25	500.566101
0.26	526.205014
0.27	551.058806
0.28	575.061125
0.29	598.157502
0.30	620.301265
0.31	641.452961
0.32	661.579671
0.33	680.655127
0.34	698.658911
0.35	715.575686
0.36	731.394700
0.37	746.109164
0.38	759.715659
0.39	772.213567
0.40	783.604567
0.41	793.892108
0.42	803.080873
0.43	811.176369
0.44	818.184535
0.45	824.111450
0.46	828.962899
0.47	832.744060
0.48	835.459205
0.49	837.111533
0.50	837.703025
0.51	837.234342
0.52	835.704844
0.53	833.112583
0.54	829.454409
0.55	824.726124
0.56	818.922744
0.57	812.038714
0.58	804.068183
0.59	795.005402
0.60	784.845068
0.61	773.582668
0.62	761.214997
0.63	747.740690
0.64	733.160671
0.65	717.478624
0.66	700.701562
0.67	682.840511
0.68	663.911135
0.69	643.934031
0.70	622.935659
0.71	600.948600
0.72	578.012146
0.73	554.172845
0.74	529.484907
0.75	504.011422
0.76	477.831402
0.77	451.046876
0.78	423.784924
0.79	396.200064
0.80	368.454970
0.81	340.709601
0.82	313.134346
0.83	285.891602
0.84	259.133795
0.85	233.007379
0.86	207.654538
0.87	183.211785
0.88	159.810187
0.89	137.579256
0.90	116.651081
0.91	97.158929
0.92	79.239781
0.93	63.027958
0.94	48.656203
0.95	36.252859
0.96	25.934519
0.97	17.801630
0.98	11.935661
0.99	8.396643
1.00	7.221325
