0.00	0.000000
0.01	1.200786
0.02	4.796717
0.03	10.749906
0.04	18.998618
0.05	29.459143
0.06	42.028349
0.07	56.586764
0.08	73.003699
0.09	91.143069
0.10	110.866589
0.11	132.039835
0.12	154.531487
0.13	178.213482
0.14	202.953626
0.15	228.615542
0.16	255.061135
0.17	282.151403
0.18	309.742958
0.19	337.686560
0.20	365.829777
0.21	394.011798
0.22	422.061052
0.23	449.791108
0.24	477.020977
0.25	503.623861
0.26	529.508931
0.27	554.602532
0.28	578.840379
0.29	602.166672
0.30	624.533616
0.31	645.900935
0.32	666.235289
0.33	685.509598
0.34	703.702415
0.35	720.797405
0.36	736.783521
0.37	751.653761
0.38	765.404493
0.39	778.034886
0.40	789.546360
0.41	799.942072
0.42	809.226462
0.43	817.404768
0.44	824.482591
0.45	830.465694
0.46	835.359514
0.47	839.168864
0.48	841.897697
0.49	843.548938
0.50	844.124388
0.51	843.624569
0.52	842.048730
0.53	839.394830
0.54	835.659730
0.55	830.839301
0.56	824.928584
0.57	817.922035
0.58	809.813819
0.59	800.598146
0.60	790.269656
0.61	778.823839
0.62	766.257549
0.63	752.569558
0.64	737.761000
0.65	721.835887
0.66	704.801664
0.67	686.669784
0.68	667.456299
0.69	647.182457
0.70	625.875361
0.71	603.568597
0.72	580.302527
0.73	556.125115
0.74	531.092543
0.75	505.270654
0.76	478.736714
0.77	451.587134
0.78	423.953150
0.79	396.005728
0.80	367.923738
0.81	339.875482
0.82	312.018601
0.83	284.505990
0.84	257.487155
0.85	231.106901
0.86	205.509282
0.87	180.834364
0.88	157.219169
0.89	134.797288
0.90	113.696917
0.91	94.046239
0.92	75.975179
0.93	59.624302
0.94	45.132670
0.95	32.631015
0.96	22.236769
0.97	14.051760
0.98	8.158578
0.99	4.617959
1.00	3.466897
