0.00	0.000000
0.01	1.204559
0.02	4.812242
0.03	10.785307
0.04	19.062063
0.05	29.558790
0.06	42.172111
0.07	56.782345
0.08	73.258322
0.09	91.457120
0.10	111.242385
0.11	132.486557
0.12	155.056317
0.13	178.816846
0.14	203.631543
0.15	229.360697
0.16	255.862092
0.17	282.990129
0.18	310.594172
0.19	338.524684
0.20	366.631584
0.21	394.760107
0.22	422.745504
0.23	450.414365
0.24	477.611867
0.25	504.198392
0.26	530.069524
0.27	555.146090
0.28	579.364239
0.29	602.668708
0.30	625.011915
0.31	646.353458
0.32	666.660712
0.33	685.907452
0.34	704.073241
0.35	721.142774
0.36	737.105300
0.37	751.954306
0.38	765.686696
0.39	778.302249
0.40	789.803033
0.41	800.192837
0.42	809.476675
0.43	817.660316
0.44	824.749848
0.45	830.751361
0.46	835.670472
0.47	839.512181
0.48	842.280626
0.49	843.978854
0.50	844.608630
0.51	844.170326
0.52	842.662958
0.53	840.084167
0.54	836.430327
0.55	831.696693
0.56	825.877612
0.57	818.966841
0.58	810.957867
0.59	801.844178
0.60	791.619610
0.61	780.278873
0.62	767.817931
0.63	754.234611
0.64	739.529092
0.65	723.704411
0.66	706.767037
0.67	688.727435
0.68	669.600664
0.69	649.407155
0.70	628.173959
0.71	605.934275
0.72	582.728183
0.73	558.603111
0.74	533.614720
0.75	507.830909
0.76	481.332295
0.77	454.233537
0.78	426.680061
0.79	398.824344
0.80	370.815231
0.81	342.810135
0.82	314.969383
0.83	287.451207
0.84	260.409340
0.85	233.993716
0.86	208.348460
0.87	183.614053
0.88	159.932858
0.89	137.444167
0.90	116.283336
0.91	96.583543
0.92	78.471314
0.93	62.080149
0.94	47.547469
0.95	35.003997
0.96	24.567461
0.97	16.338678
0.98	10.399073
0.99	6.808278
1.00	5.602320
