0.00	0.000000
0.01	1.213468
0.02	4.847271
0.03	10.863133
0.04	19.198625
0.05	29.769087
0.06	42.469971
0.07	57.179709
0.08	73.764616
0.09	92.086774
0.10	112.006611
0.11	133.392364
0.12	156.116614
0.13	180.046337
0.14	205.044575
0.15	230.972631
0.16	257.688718
0.17	285.049378
0.18	312.909426
0.19	341.119239
0.20	369.524303
0.21	397.960253
0.22	426.253757
0.23	454.221202
0.24	481.702469
0.25	508.561896
0.26	534.691466
0.27	560.012346
0.28	584.459451
0.29	607.976870
0.30	630.516880
0.31	652.039381
0.32	672.511488
0.33	691.906992
0.34	710.205653
0.35	727.392608
0.36	743.457736
0.37	758.394997
0.38	772.201813
0.39	784.878469
0.40	796.427522
0.41	806.853260
0.42	816.161253
0.43	824.357850
0.44	831.449679
0.45	837.443261
0.46	842.344757
0.47	846.159589
0.48	848.892194
0.49	850.545823
0.50	851.122410
0.51	850.622472
0.52	849.045111
0.53	846.388023
0.54	842.647595
0.55	837.819055
0.56	831.896666
0.57	824.873986
0.58	816.744166
0.59	807.500315
0.60	797.135889
0.61	785.645141
0.62	773.023600
0.63	759.268590
0.64	744.379840
0.65	728.360066
0.66	711.215447
0.67	692.956285
0.68	673.597636
0.69	653.159942
0.70	631.669642
0.71	609.159936
0.72	585.671159
0.73	561.251307
0.74	535.956542
0.75	509.851716
0.76	483.014982
0.77	455.546309
0.78	427.581580
0.79	399.303510
0.80	370.892672
0.81	342.521204
0.82	314.351494
0.83	286.537504
0.84	259.226340
0.85	232.561576
0.86	206.685132
0.87	181.738196
0.88	157.859381
0.89	135.185938
0.90	113.849233
0.91	93.975756
0.92	75.696074
0.93	59.151146
0.94	44.482028
0.95	31.821361
0.96	21.289816
0.97	12.991521
0.98	7.010881
0.99	3.410070
1.00	2.227115
