0.00	0.000000
0.01	1.215015
0.02	4.853693
0.03	10.878155
0.04	19.226340
0.05	29.813915
0.06	42.536772
0.07	57.273832
0.08	73.890594
0.09	92.251401
0.10	112.221639
0.11	133.668248
0.12	156.455570
0.13	180.447657
0.14	205.505773
0.15	231.488493
0.16	258.254506
0.17	285.662203
0.18	313.567648
0.19	341.819704
0.20	370.262154
0.21	398.736085
0.22	427.070585
0.23	455.083298
0.24	482.606024
0.25	509.506354
0.26	535.685759
0.27	561.058877
0.28	585.556800
0.29	609.123055
0.30	631.709398
0.31	653.275627
0.32	673.788731
0.33	693.222290
0.34	711.555924
0.35	728.774633
0.36	744.868157
0.37	759.830346
0.38	773.658548
0.39	786.353012
0.40	797.916313
0.41	808.352803
0.42	817.668062
0.43	825.868542
0.44	832.961036
0.45	838.952306
0.46	843.848748
0.47	847.656051
0.48	850.378939
0.49	852.020972
0.50	852.584404
0.51	852.070088
0.52	850.477462
0.53	847.804560
0.54	844.048107
0.55	839.203654
0.56	833.265784
0.57	826.228353
0.58	818.084801
0.59	808.828496
0.60	798.453136
0.61	786.953187
0.62	774.324363
0.63	760.564144
0.64	745.672362
0.65	729.651731
0.66	712.508434
0.67	694.252744
0.68	674.899685
0.69	654.469674
0.70	632.989053
0.71	610.490723
0.72	587.014851
0.73	562.609354
0.74	537.330988
0.75	511.247430
0.76	484.439218
0.77	457.010480
0.78	429.102912
0.79	400.874737
0.80	372.499809
0.81	344.145427
0.82	315.973358
0.83	288.139817
0.84	260.795384
0.85	234.088012
0.86	208.164386
0.87	183.167499
0.88	159.237411
0.89	136.510243
0.90	115.119958
0.91	95.198249
0.92	76.874420
0.93	60.286140
0.94	45.572052
0.95	32.865082
0.96	22.285682
0.97	13.937670
0.98	7.905231
0.99	4.250423
1.00	3.011276
