0.00	0.000000
0.01	1.192830
0.02	4.765533
0.03	10.680887
0.04	18.878093
0.05	29.274667
0.06	41.768911
0.07	56.242341
0.08	72.564851
0.09	90.603223
0.10	110.222119
0.11	131.287381
0.12	153.666310
0.13	177.224108
0.14	201.825977
0.15	227.336256
0.16	253.616329
0.17	280.524698
0.18	307.917639
0.19	335.646386
0.20	363.555134
0.21	391.481858
0.22	419.255408
0.23	446.704495
0.24	473.673772
0.25	500.030067
0.26	525.681038
0.27	550.550909
0.28	574.576369
0.29	597.702599
0.30	619.882544
0.31	641.076507
0.32	661.251562
0.33	680.380965
0.34	698.443792
0.35	715.424456
0.36	731.311471
0.37	746.097451
0.38	759.778522
0.39	772.353446
0.40	783.823227
0.41	794.190560
0.42	803.459298
0.43	811.634071
0.44	818.719942
0.45	824.722021
0.46	829.645114
0.47	833.493371
0.48	836.270126
0.49	837.977853
0.50	838.617901
0.51	838.190356
0.52	836.694065
0.53	834.126743
0.54	830.484981
0.55	825.764430
0.56	819.959999
0.57	813.066230
0.58	805.077531
0.59	795.988384
0.60	785.793751
0.61	774.489922
0.62	762.074442
0.63	748.546451
0.64	733.907395
0.65	718.161560
0.66	701.316716
0.67	683.384763
0.68	664.382029
0.69	644.330085
0.70	623.256072
0.71	601.193248
0.72	578.181582
0.73	554.268741
0.74	529.511102
0.75	503.975780
0.76	477.741374
0.77	450.911979
0.78	423.621153
0.79	396.017239
0.80	368.255299
0.81	340.501319
0.82	312.917292
0.83	285.659411
0.84	258.876775
0.85	232.719077
0.86	207.332164
0.87	182.854672
0.88	159.421479
0.89	137.164328
0.90	116.212601
0.91	96.701080
0.92	78.762595
0.93	62.534086
0.94	48.151627
0.95	35.742881
0.96	25.423966
0.97	17.294800
0.98	11.436163
0.99	7.907304
1.00	6.744118
