0.00	0.000000
0.01	1.190117
0.02	4.755125
0.03	10.658652
0.04	18.840520
0.05	29.219385
0.06	41.695640
0.07	56.155364
0.08	72.471505
0.09	90.505640
0.10	110.117967
0.11	131.176076
0.12	153.548899
0.13	177.103024
0.14	201.702681
0.15	227.210439
0.16	253.487623
0.17	280.394134
0.18	307.785870
0.19	335.513170
0.20	363.422613
0.21	391.351806
0.22	419.125176
0.23	446.571336
0.24	473.527866
0.25	499.881177
0.26	525.544799
0.27	550.429264
0.28	574.466957
0.29	597.601724
0.30	619.786014
0.31	640.979379
0.32	661.147869
0.33	680.264376
0.34	698.307719
0.35	715.261651
0.36	731.114474
0.37	745.858713
0.38	759.490227
0.39	772.007845
0.40	783.412806
0.41	793.708082
0.42	802.898054
0.43	810.988001
0.44	817.983675
0.45	823.890947
0.46	828.715416
0.47	832.462222
0.48	835.135715
0.49	836.739251
0.50	837.275164
0.51	836.744615
0.52	835.147547
0.53	832.482659
0.54	828.747508
0.55	823.938696
0.56	818.052035
0.57	811.082748
0.58	803.025761
0.59	793.876074
0.60	783.629103
0.61	772.281119
0.62	759.829987
0.63	746.275354
0.64	731.618895
0.65	715.865043
0.66	699.021504
0.67	681.099969
0.68	662.116996
0.69	642.094150
0.70	621.058712
0.71	599.043963
0.72	576.090576
0.73	552.246561
0.74	527.567073
0.75	502.118184
0.76	475.979201
0.77	449.246189
0.78	422.041426
0.79	394.522911
0.80	366.859835
0.81	339.213002
0.82	311.737033
0.83	284.587077
0.84	257.917432
0.85	231.874390
0.86	206.600675
0.87	182.234482
0.88	158.910083
0.89	136.757534
0.90	115.904365
0.91	96.480158
0.92	78.620099
0.93	62.459735
0.94	48.134472
0.95	35.773047
0.96	25.492386
0.97	17.393664
0.98	11.559260
0.99	8.050281
1.00	6.904649
