0.00	0.000000
0.01	1.213706
0.02	4.848563
0.03	10.866853
0.04	19.206629
0.05	29.783638
0.06	42.493832
0.07	57.216340
0.08	73.816434
0.09	92.151774
0.10	112.083018
0.11	133.480504
0.12	156.216069
0.13	180.158077
0.14	205.169494
0.15	231.111099
0.16	257.841885
0.17	285.219711
0.18	313.098582
0.19	341.328048
0.20	369.753791
0.21	398.215240
0.22	426.542142
0.23	454.552723
0.24	482.073377
0.25	508.961474
0.26	535.118082
0.27	560.465469
0.28	584.938280
0.29	608.480104
0.30	631.042763
0.31	652.585800
0.32	673.075930
0.33	692.486681
0.34	710.797650
0.35	727.993891
0.36	744.065230
0.37	759.005624
0.38	772.812547
0.39	785.486361
0.40	797.029733
0.41	807.447204
0.42	816.744581
0.43	824.928420
0.44	832.005602
0.45	837.983005
0.46	842.867080
0.47	846.663557
0.48	849.377185
0.49	851.011528
0.50	851.568850
0.51	851.049992
0.52	849.454376
0.53	846.780010
0.54	843.023588
0.55	838.180629
0.56	832.245674
0.57	825.212535
0.58	817.074599
0.59	807.825187
0.60	797.457995
0.61	785.967458
0.62	773.349297
0.63	759.601007
0.64	744.722371
0.65	728.716050
0.66	711.588183
0.67	693.349005
0.68	674.013473
0.69	653.601900
0.70	632.140697
0.71	609.662891
0.72	586.208675
0.73	561.825998
0.74	536.571067
0.75	510.508993
0.76	483.717024
0.77	456.291342
0.78	428.370595
0.79	400.124292
0.80	371.733379
0.81	343.373391
0.82	315.207262
0.83	287.389603
0.84	260.069210
0.85	233.392084
0.86	207.502647
0.87	182.542976
0.88	158.652306
0.89	135.965740
0.90	114.613454
0.91	94.724256
0.92	76.426672
0.93	59.859030
0.94	45.162677
0.95	32.471304
0.96	21.905738
0.97	13.570046
0.98	7.548706
0.99	3.904073
1.00	2.674450
