0.00	0.000000
0.01	1.171830
0.02	4.680581
0.03	10.488686
0.04	18.535538
0.05	28.739046
0.06	40.999184
0.07	55.201450
0.08	71.218113
0.09	88.915957
0.10	108.163332
0.11	128.821453
0.12	150.752457
0.13	173.818817
0.14	197.889136
0.15	222.831344
0.16	248.506929
0.17	274.771170
0.18	301.478417
0.19	328.482271
0.20	355.638000
0.21	382.791376
0.22	409.785504
0.23	436.469421
0.24	462.700195
0.25	488.357869
0.26	513.344322
0.27	537.582327
0.28	561.008520
0.29	583.569090
0.30	605.216882
0.31	625.911500
0.32	645.619265
0.33	664.311455
0.34	681.965325
0.35	698.563623
0.36	714.093838
0.37	728.547453
0.38	741.918487
0.39	754.204510
0.40	765.405537
0.41	775.523749
0.42	784.562526
0.43	792.526082
0.44	799.419459
0.45	805.247901
0.46	810.016381
0.47	813.729220
0.48	816.390058
0.49	818.001825
0.50	818.566364
0.51	818.084451
0.52	816.555856
0.53	813.979566
0.54	810.353770
0.55	805.675897
0.56	799.942814
0.57	793.150909
0.58	785.296448
0.59	776.375739
0.60	766.385437
0.61	755.323181
0.62	743.189032
0.63	729.984540
0.64	715.713632
0.65	700.383940
0.66	684.005647
0.67	666.592340
0.68	648.162075
0.69	628.737441
0.70	608.345890
0.71	587.021101
0.72	564.802369
0.73	541.736589
0.74	517.881270
0.75	493.304570
0.76	468.092505
0.77	442.352628
0.78	416.197875
0.79	389.750238
0.80	363.142581
0.81	336.513145
0.82	310.004172
0.83	283.767752
0.84	257.960211
0.85	232.738359
0.86	208.251722
0.87	184.640665
0.88	162.042731
0.89	140.591696
0.90	120.423614
0.91	101.666568
0.92	84.448438
0.93	68.899692
0.94	55.148003
0.95	43.313769
0.96	33.504582
0.97	25.812513
0.98	20.311570
0.99	17.055518
1.00	16.076194
