0.00	0.000000
0.01	1.179726
0.02	4.711611
0.03	10.557181
0.04	18.654915
0.05	28.921831
0.06	41.256407
0.07	55.542091
0.08	71.651068
0.09	89.447122
0.10	108.790442
0.11	129.548817
0.12	151.595453
0.13	174.802212
0.14	199.036151
0.15	224.159144
0.16	250.035802
0.17	276.524519
0.18	303.478953
0.19	330.750327
0.20	358.185580
0.21	385.623694
0.22	412.898517
0.23	439.854991
0.24	466.356909
0.25	492.279999
0.26	517.523785
0.27	542.009168
0.28	565.671717
0.29	588.457515
0.30	610.320552
0.31	631.221816
0.32	651.128666
0.33	670.014450
0.34	687.857786
0.35	704.642218
0.36	720.355522
0.37	734.989293
0.38	748.538559
0.39	761.001080
0.40	772.376696
0.41	782.666934
0.42	791.874564
0.43	800.003111
0.44	807.056442
0.45	813.038486
0.46	817.952893
0.47	821.802823
0.48	824.590762
0.49	826.318298
0.50	826.986111
0.51	826.593796
0.52	825.139793
0.53	822.621404
0.54	819.034959
0.55	814.375927
0.56	808.639250
0.57	801.819585
0.58	793.911617
0.59	784.910238
0.60	774.810873
0.61	763.609859
0.62	751.304920
0.63	737.895651
0.64	723.384108
0.65	707.775301
0.66	691.077563
0.67	673.303182
0.68	654.468979
0.69	634.596745
0.70	613.714353
0.71	591.855530
0.72	569.060554
0.73	545.376808
0.74	520.858957
0.75	495.570733
0.76	469.585407
0.77	442.993214
0.78	415.913834
0.79	388.516306
0.80	360.980184
0.81	333.467222
0.82	306.141162
0.83	279.157746
0.84	252.662885
0.85	226.797017
0.86	201.698073
0.87	177.500667
0.88	154.340899
0.89	132.351292
0.90	111.662399
0.91	92.409152
0.92	74.726023
0.93	58.747914
0.94	44.606802
0.95	32.432385
0.96	22.340659
0.97	14.431920
0.98	8.787658
0.99	5.467727
1.00	4.508533
