0.00	0.000000
0.01	1.192653
0.02	4.764497
0.03	10.678677
0.04	18.874732
0.05	29.270481
0.06	41.764285
0.07	56.239057
0.08	72.566686
0.09	90.609175
0.10	110.222872
0.11	131.274140
0.12	153.631774
0.13	177.166698
0.14	201.746001
0.15	227.233510
0.16	253.490703
0.17	280.375300
0.18	307.739740
0.19	335.430750
0.20	363.291220
0.21	391.161794
0.22	418.878652
0.23	446.264741
0.24	473.161504
0.25	499.453638
0.26	525.046899
0.27	549.857828
0.28	573.822620
0.29	596.886711
0.30	619.003149
0.31	640.132246
0.32	660.241254
0.33	679.303805
0.34	697.299196
0.35	714.211862
0.36	730.030787
0.37	744.748891
0.38	758.362480
0.39	770.870696
0.40	782.274917
0.41	792.578224
0.42	801.784940
0.43	809.900333
0.44	816.930116
0.45	822.879992
0.46	827.755322
0.47	831.560809
0.48	834.300120
0.49	835.975858
0.50	836.589873
0.51	836.142761
0.52	834.633844
0.53	832.061173
0.54	828.421696
0.55	823.711316
0.56	817.925108
0.57	811.057579
0.58	803.103005
0.59	794.055711
0.60	783.910483
0.61	772.663009
0.62	760.310279
0.63	746.851122
0.64	732.286651
0.65	716.620761
0.66	699.860696
0.67	682.017607
0.68	663.107125
0.69	643.149977
0.70	622.172778
0.71	600.208517
0.72	577.297051
0.73	553.485248
0.74	528.827652
0.75	503.387638
0.76	477.245194
0.77	450.496449
0.78	423.267912
0.79	395.711220
0.80	367.982815
0.81	340.244987
0.82	312.660747
0.83	285.399024
0.84	258.619698
0.85	232.471574
0.86	207.099234
0.87	182.642508
0.88	159.235575
0.89	137.007399
0.90	116.083901
0.91	96.597482
0.92	78.683598
0.93	62.479699
0.94	48.119915
0.95	35.730970
0.96	25.428298
0.97	17.311575
0.98	11.461554
0.99	7.937619
1.00	6.775918
