0.00	0.000000
0.01	1.180314
0.02	4.715507
0.03	10.568973
0.04	18.680787
0.05	28.969575
0.06	41.334934
0.07	55.660152
0.08	71.816280
0.09	89.666699
0.10	109.078312
0.11	129.913764
0.12	152.036842
0.13	175.318799
0.14	199.621577
0.15	224.800564
0.16	250.710601
0.17	277.202115
0.18	304.124823
0.19	331.329407
0.20	358.668331
0.21	385.997963
0.22	413.170723
0.23	440.037424
0.24	466.444855
0.25	492.262904
0.26	517.391487
0.27	541.750662
0.28	565.279467
0.29	587.925889
0.30	609.645335
0.31	630.400005
0.32	650.158228
0.33	668.894110
0.34	686.586820
0.35	703.220789
0.36	718.784749
0.37	733.271001
0.38	746.674833
0.39	758.994313
0.40	770.229701
0.41	780.382967
0.42	789.457248
0.43	797.456462
0.44	804.384878
0.45	810.246836
0.46	815.046472
0.47	818.787328
0.48	821.472402
0.49	823.104017
0.50	823.683445
0.51	823.210711
0.52	821.684698
0.53	819.103174
0.54	815.462967
0.55	810.760014
0.56	804.989516
0.57	798.146191
0.58	790.224752
0.59	781.220100
0.60	771.127685
0.61	759.943867
0.62	747.666214
0.63	734.294055
0.64	719.828960
0.65	704.275247
0.66	687.640507
0.67	669.936211
0.68	651.179139
0.69	631.390649
0.70	610.597392
0.71	588.831975
0.72	566.133712
0.73	542.549011
0.74	518.131679
0.75	492.944833
0.76	467.066249
0.77	440.605275
0.78	413.693140
0.79	386.468917
0.80	359.083284
0.81	331.700724
0.82	304.482696
0.83	277.587249
0.84	251.169972
0.85	225.378497
0.86	200.354023
0.87	176.232931
0.88	153.150959
0.89	131.237907
0.90	110.629880
0.91	91.462544
0.92	73.863980
0.93	57.968482
0.94	43.910219
0.95	31.817664
0.96	21.807039
0.97	13.978350
0.98	8.412587
0.99	5.169267
1.00	4.284566
