0.00	0.000000
0.01	1.216827
0.02	4.860948
0.03	10.894283
0.04	19.254491
0.05	29.856419
0.06	42.595826
0.07	57.351614
0.08	73.991034
0.09	92.376819
0.10	112.368064
0.11	133.831645
0.12	156.639337
0.13	180.656232
0.14	205.742771
0.15	231.756591
0.16	258.555680
0.17	285.996059
0.18	313.929075
0.19	342.201515
0.20	370.657928
0.21	399.135290
0.22	427.459183
0.23	455.456682
0.24	482.979553
0.25	509.894605
0.26	536.093107
0.27	561.484164
0.28	585.999108
0.29	609.582016
0.30	632.185334
0.31	653.769175
0.32	674.300627
0.33	693.753446
0.34	712.107519
0.35	729.348096
0.36	745.465102
0.37	760.452561
0.38	774.307989
0.39	787.031858
0.40	798.626941
0.41	809.097734
0.42	818.449943
0.43	826.689996
0.44	833.824606
0.45	839.860374
0.46	844.803440
0.47	848.659159
0.48	851.431914
0.49	853.124854
0.50	853.739797
0.51	853.277147
0.52	851.735865
0.53	849.113509
0.54	845.406313
0.55	840.609372
0.56	834.716784
0.57	827.721983
0.58	819.617982
0.59	810.397800
0.60	800.054801
0.61	788.583135
0.62	775.978219
0.63	762.237256
0.64	747.359774
0.65	731.348199
0.66	714.208451
0.67	695.950663
0.68	676.589727
0.69	656.145847
0.70	634.645204
0.71	612.120574
0.72	588.612139
0.73	564.167869
0.74	538.843735
0.75	512.705139
0.76	485.833541
0.77	458.329858
0.78	430.336500
0.79	402.027066
0.80	373.579866
0.81	345.166914
0.82	316.951086
0.83	289.085039
0.84	261.714110
0.85	234.981994
0.86	209.031351
0.87	184.004763
0.88	160.040985
0.89	137.277259
0.90	115.850481
0.91	95.894250
0.92	77.542936
0.93	60.932815
0.94	46.199767
0.95	33.476734
0.96	22.885051
0.97	14.528941
0.98	8.492839
0.99	4.838858
1.00	3.604964
