0.00	0.000000
0.01	1.181187
0.02	4.687340
0.03	10.480834
0.04	18.501303
0.05	28.667529
0.06	40.879895
0.07	55.022972
0.08	70.963822
0.09	88.574100
0.10	107.727116
0.11	128.294091
0.12	150.145277
0.13	173.144999
0.14	197.161390
0.15	222.065132
0.16	247.719788
0.17	273.991025
0.18	300.738593
0.19	327.813837
0.20	355.062384
0.21	382.327652
0.22	409.442409
0.23	436.239736
0.24	462.560364
0.25	488.296472
0.26	513.359506
0.27	537.676714
0.28	561.185214
0.29	583.830399
0.30	605.565162
0.31	626.349563
0.32	646.150294
0.33	664.940073
0.34	682.696711
0.35	699.402899
0.36	715.045679
0.37	729.615950
0.38	743.107689
0.39	755.517664
0.40	766.844534
0.41	777.089476
0.42	786.255013
0.43	794.344507
0.44	801.361935
0.45	807.311206
0.46	812.196009
0.47	816.019590
0.48	818.784382
0.49	820.492075
0.50	821.143629
0.51	820.738970
0.52	819.276858
0.53	816.754933
0.54	813.170027
0.55	808.518189
0.56	802.795033
0.57	795.995871
0.58	788.115906
0.59	779.150581
0.60	769.095898
0.61	757.948890
0.62	745.707965
0.63	732.373242
0.64	717.947488
0.65	702.436335
0.66	685.848840
0.67	668.197954
0.68	649.500942
0.69	629.779878
0.70	609.062616
0.71	587.382957
0.72	564.781133
0.73	541.311977
0.74	517.040602
0.75	492.024960
0.76	466.335873
0.77	440.066404
0.78	413.338835
0.79	386.296177
0.80	359.089965
0.81	331.878018
0.82	304.820299
0.83	278.078453
0.84	251.805846
0.85	226.152086
0.86	201.259923
0.87	177.270387
0.88	154.322069
0.89	132.543032
0.90	112.063270
0.91	93.015276
0.92	75.528070
0.93	59.733218
0.94	45.759408
0.95	33.727213
0.96	23.750744
0.97	15.925722
0.98	10.328022
0.99	7.012491
1.00	6.011181
