0.00	0.000000
0.01	1.137119
0.02	4.511468
0.03	10.087832
0.04	17.809706
0.05	27.600735
0.06	39.358310
0.07	52.976049
0.08	68.339590
0.09	85.331852
0.10	103.833319
0.11	123.715482
0.12	144.846248
0.13	167.089811
0.14	190.315645
0.15	214.372776
0.16	239.114928
0.17	264.405008
0.18	290.112813
0.19	316.109991
0.20	342.262284
0.21	368.429382
0.22	394.470198
0.23	420.244370
0.24	445.631406
0.25	470.532074
0.26	494.858585
0.27	518.537216
0.28	541.506688
0.29	563.712429
0.30	585.104942
0.31	605.639619
0.32	625.277611
0.33	643.985617
0.34	661.735570
0.35	678.502982
0.36	694.266583
0.37	709.008936
0.38	722.715306
0.39	735.374042
0.40	746.975711
0.41	757.512884
0.42	766.979989
0.43	775.371034
0.44	782.681264
0.45	788.906471
0.46	794.043923
0.47	798.091914
0.48	801.049520
0.49	802.915837
0.50	803.690854
0.51	803.373543
0.52	801.963200
0.53	799.459646
0.54	795.863967
0.55	791.177284
0.56	785.400337
0.57	778.535368
0.58	770.585942
0.59	761.559442
0.60	751.465252
0.61	740.310417
0.62	728.105542
0.63	714.862724
0.64	700.596723
0.65	685.324475
0.66	669.065453
0.67	651.841509
0.68	633.678016
0.69	614.605632
0.70	594.658845
0.71	573.875817
0.72	552.298666
0.73	529.978133
0.74	506.980431
0.75	483.366325
0.76	459.206993
0.77	434.582317
0.78	409.579933
0.79	384.302800
0.80	358.875527
0.81	333.432097
0.82	308.106377
0.83	283.043949
0.84	258.388466
0.85	234.290557
0.86	210.894466
0.87	188.334577
0.88	166.744556
0.89	146.253344
0.90	126.986369
0.91	109.067795
0.92	92.624219
0.93	77.780463
0.94	64.651793
0.95	53.344533
0.96	43.954147
0.97	36.561641
0.98	31.230856
0.99	28.006552
1.00	26.912965
