0.00	0.000000
0.01	1.227105
0.02	4.871442
0.03	10.895219
0.04	19.236538
0.05	29.811291
0.06	42.515465
0.07	57.228754
0.08	73.817889
0.09	92.142984
0.10	112.071282
0.11	133.471747
0.12	156.211243
0.13	180.153935
0.14	205.161350
0.15	231.091810
0.16	257.798676
0.17	285.135239
0.18	312.953585
0.19	341.102039
0.20	369.426269
0.21	397.768642
0.22	425.964035
0.23	453.843388
0.24	481.260893
0.25	508.078408
0.26	534.178006
0.27	559.471304
0.28	583.890195
0.29	607.378754
0.30	629.889256
0.31	651.381474
0.32	671.822236
0.33	691.185391
0.34	709.450899
0.35	726.604060
0.36	742.634899
0.37	757.537540
0.38	771.309590
0.39	783.951524
0.40	795.465742
0.41	805.856675
0.42	815.130220
0.43	823.293070
0.44	830.352229
0.45	836.314616
0.46	841.186703
0.47	844.974218
0.48	847.681896
0.49	849.313254
0.50	849.870496
0.51	849.354387
0.52	847.764253
0.53	845.097999
0.54	841.352184
0.55	836.522212
0.56	830.602515
0.57	823.586842
0.58	815.468492
0.59	806.240686
0.60	795.896964
0.61	784.431629
0.62	771.840265
0.63	758.120241
0.64	743.271202
0.65	727.295655
0.66	710.199584
0.67	691.993171
0.68	672.691247
0.69	652.313947
0.70	630.887272
0.71	608.443885
0.72	585.023895
0.73	560.675494
0.74	535.454856
0.75	509.429880
0.76	482.687130
0.77	455.348832
0.78	427.556840
0.79	399.456419
0.80	371.206232
0.81	342.969326
0.82	314.906659
0.83	287.177292
0.84	259.936489
0.85	233.336722
0.86	207.525323
0.87	182.644896
0.88	158.835658
0.89	136.236061
0.90	114.980450
0.91	95.199657
0.92	77.023791
0.93	60.587181
0.94	46.024856
0.95	33.469074
0.96	23.038811
0.97	14.836000
0.98	8.942796
0.99	5.419218
1.00	4.301285
