0.00	0.000000
0.01	1.196392
0.02	4.748970
0.03	10.620214
0.04	18.749365
0.05	29.054270
0.06	41.433880
0.07	55.770290
0.08	71.931100
0.09	89.783398
0.10	109.196108
0.11	130.040223
0.12	152.186905
0.13	175.498550
0.14	199.842730
0.15	225.085640
0.16	251.086234
0.17	277.704535
0.18	304.800089
0.19	332.225075
0.20	359.824073
0.21	387.433348
0.22	414.882062
0.23	441.999470
0.24	468.639685
0.25	494.683086
0.26	520.032806
0.27	544.613168
0.28	568.360437
0.29	591.220273
0.30	613.145881
0.31	634.097554
0.32	654.042815
0.33	672.955356
0.34	690.814383
0.35	707.603877
0.36	723.312167
0.37	737.931450
0.38	751.457286
0.39	763.888163
0.40	775.224807
0.41	785.469543
0.42	794.626155
0.43	802.699300
0.44	809.693740
0.45	815.614174
0.46	820.464925
0.47	824.249747
0.48	826.971658
0.49	828.632767
0.50	829.234282
0.51	828.776456
0.52	827.258198
0.53	824.677180
0.54	821.029926
0.55	816.312072
0.56	810.518825
0.57	803.644820
0.58	795.684517
0.59	786.632528
0.60	776.483939
0.61	765.234765
0.62	752.882419
0.63	739.426076
0.64	724.867330
0.65	709.210943
0.66	692.465043
0.67	674.641679
0.68	655.757517
0.69	635.834153
0.70	614.898741
0.71	592.985042
0.72	570.133455
0.73	546.392179
0.74	521.817306
0.75	496.474971
0.76	470.443256
0.77	443.822880
0.78	416.742171
0.79	389.351733
0.80	361.817150
0.81	334.296289
0.82	306.951584
0.83	279.940996
0.84	253.414813
0.85	227.519656
0.86	202.396175
0.87	178.183401
0.88	155.019169
0.89	133.034061
0.90	112.359015
0.91	93.124237
0.92	75.460231
0.93	59.502209
0.94	45.382823
0.95	33.232454
0.96	23.166122
0.97	15.282302
0.98	9.660380
0.99	6.358205
1.00	5.410341
