0.00	0.000000
0.01	1.211976
0.02	4.811383
0.03	10.761051
0.04	19.000148
0.05	29.445851
0.06	41.996401
0.07	56.534340
0.08	72.928980
0.09	91.043496
0.10	110.745387
0.11	131.901163
0.12	154.374292
0.13	178.027795
0.14	202.723153
0.15	228.317797
0.16	254.666751
0.17	281.622069
0.18	309.036254
0.19	336.760709
0.20	364.648098
0.21	392.546590
0.22	420.302055
0.23	447.761967
0.24	474.764133
0.25	501.163917
0.26	526.856790
0.27	551.765881
0.28	575.822928
0.29	598.970718
0.30	621.162023
0.31	642.357197
0.32	662.524163
0.33	681.637170
0.34	699.676151
0.35	716.626138
0.36	732.476658
0.37	747.221147
0.38	760.856362
0.39	773.381728
0.40	784.798949
0.41	795.111528
0.42	804.324130
0.43	812.442054
0.44	819.471088
0.45	825.416856
0.46	830.284893
0.47	834.080052
0.48	836.806303
0.49	838.466600
0.50	839.062668
0.51	838.594913
0.52	837.062407
0.53	834.462917
0.54	830.792904
0.55	826.048009
0.56	820.223493
0.57	813.313698
0.58	805.311914
0.59	796.212040
0.60	786.008758
0.61	774.697554
0.62	762.275179
0.63	748.740131
0.64	734.093203
0.65	718.338042
0.66	701.481819
0.67	683.535782
0.68	664.515681
0.69	644.442379
0.70	623.342331
0.71	601.248210
0.72	578.199666
0.73	554.245122
0.74	529.444399
0.75	503.867537
0.76	477.602235
0.77	450.774106
0.78	423.521169
0.79	395.979985
0.80	368.289374
0.81	340.597531
0.82	313.055405
0.83	285.814083
0.84	259.028398
0.85	232.856116
0.86	207.449058
0.87	182.953200
0.88	159.511280
0.89	137.263678
0.90	116.343921
0.91	96.883497
0.92	79.011166
0.93	62.859242
0.94	48.564738
0.95	36.254391
0.96	26.041057
0.97	18.023236
0.98	12.279967
0.99	8.868411
1.00	7.822379
