0.00	0.000000
0.01	1.198180
0.02	4.755030
0.03	10.632199
0.04	18.768078
0.05	29.079683
0.06	41.464838
0.07	55.807315
0.08	71.977287
0.09	89.838622
0.10	109.256713
0.11	130.102167
0.12	152.244107
0.13	175.548033
0.14	199.876061
0.15	225.089452
0.16	251.050743
0.17	277.621441
0.18	304.658665
0.19	332.011490
0.20	359.519008
0.21	387.022390
0.22	414.364280
0.23	441.382989
0.24	467.931947
0.25	493.890042
0.26	519.161971
0.27	543.670296
0.28	567.350463
0.29	590.148439
0.30	612.018098
0.31	632.920401
0.32	652.822770
0.33	671.698283
0.34	689.525556
0.35	706.287795
0.36	721.973309
0.37	736.574153
0.38	750.085712
0.39	762.506323
0.40	773.836823
0.41	784.079747
0.42	793.238705
0.43	801.318098
0.44	808.322687
0.45	814.257237
0.46	819.126257
0.47	822.933771
0.48	825.683038
0.49	827.376336
0.50	828.014823
0.51	827.598436
0.52	826.125596
0.53	823.593566
0.54	820.000152
0.55	815.341678
0.56	809.613783
0.57	802.811586
0.58	794.929919
0.59	785.963786
0.60	775.908762
0.61	764.761236
0.62	752.518860
0.63	739.181007
0.64	724.749251
0.65	709.227868
0.66	692.624540
0.67	674.950798
0.68	656.222403
0.69	636.460370
0.70	615.692060
0.71	593.950436
0.72	571.274348
0.73	547.709899
0.74	523.315431
0.75	498.163086
0.76	472.336808
0.77	445.938296
0.78	419.093056
0.79	391.941576
0.80	364.634730
0.81	337.326703
0.82	310.170987
0.83	283.317787
0.84	256.916700
0.85	231.116866
0.86	206.065717
0.87	181.908706
0.88	158.789640
0.89	136.845938
0.90	116.208902
0.91	97.007150
0.92	79.371484
0.93	63.439788
0.94	49.347280
0.95	37.219417
0.96	27.167518
0.97	19.286340
0.98	13.653101
0.99	10.323352
1.00	9.329381
