0.00	0.000000
0.01	1.206391
0.02	4.789186
0.03	10.710804
0.04	18.910007
0.05	29.303775
0.06	41.790570
0.07	56.253753
0.08	72.563695
0.09	90.584408
0.10	110.183785
0.11	131.223673
0.12	153.568935
0.13	177.086887
0.14	201.643322
0.15	227.102905
0.16	253.328718
0.17	280.181322
0.18	307.516543
0.19	335.185789
0.20	363.030914
0.21	390.884224
0.22	418.567116
0.23	445.902085
0.24	472.744974
0.25	498.986008
0.26	524.535868
0.27	549.312865
0.28	573.243354
0.29	596.270245
0.30	618.346679
0.31	639.433343
0.32	659.497626
0.33	678.513084
0.34	696.459022
0.35	713.320222
0.36	729.086199
0.37	743.750486
0.38	757.309998
0.39	769.764349
0.40	781.115374
0.41	791.366552
0.42	800.522660
0.43	808.589232
0.44	815.572150
0.45	821.477232
0.46	826.309874
0.47	830.074977
0.48	832.776560
0.49	834.417525
0.50	834.999526
0.51	834.522854
0.52	832.986557
0.53	830.388400
0.54	826.724948
0.55	821.991711
0.56	816.183392
0.57	809.294143
0.58	801.317862
0.59	792.248490
0.60	782.080557
0.61	770.809473
0.62	758.432027
0.63	744.947184
0.64	730.356196
0.65	714.662926
0.66	697.874651
0.67	680.002498
0.68	661.062109
0.69	641.074293
0.70	620.065688
0.71	598.069433
0.72	575.125718
0.73	551.281770
0.74	526.593279
0.75	501.127066
0.76	474.969723
0.77	448.224725
0.78	421.023788
0.79	393.518610
0.80	365.874126
0.81	338.250864
0.82	310.807717
0.83	283.699481
0.84	257.075587
0.85	231.081768
0.86	205.859173
0.87	181.545619
0.88	158.275750
0.89	136.181563
0.90	115.391534
0.91	96.041635
0.92	78.269084
0.93	62.208499
0.94	47.995331
0.95	35.758219
0.96	25.612733
0.97	17.658942
0.98	11.977809
0.99	8.628631
1.00	7.647188
