0.00	0.000000
0.01	1.210523
0.02	4.805221
0.03	10.746116
0.04	18.971449
0.05	29.397611
0.06	41.921615
0.07	56.424116
0.08	72.774130
0.09	90.830459
0.10	110.458908
0.11	131.529560
0.12	153.904728
0.13	177.454157
0.14	202.046102
0.15	227.544598
0.16	253.809476
0.17	280.701132
0.18	308.077334
0.19	335.786345
0.20	363.673862
0.21	391.579276
0.22	419.328640
0.23	446.737843
0.24	473.648369
0.25	499.937902
0.26	525.514614
0.27	550.304669
0.28	574.245393
0.29	597.282391
0.30	619.369073
0.31	640.466118
0.32	660.540327
0.33	679.565617
0.34	697.521724
0.35	714.393640
0.36	730.170855
0.37	744.846690
0.38	758.417866
0.39	770.884081
0.40	782.247243
0.41	792.510961
0.42	801.680067
0.43	809.760146
0.44	816.757091
0.45	822.676638
0.46	827.524086
0.47	831.304280
0.48	834.021102
0.49	835.677235
0.50	836.274188
0.51	835.812110
0.52	834.289817
0.53	831.704768
0.54	828.053213
0.55	823.330354
0.56	817.530563
0.57	810.647583
0.58	802.674885
0.59	793.606244
0.60	783.435888
0.61	772.158895
0.62	759.771682
0.63	746.272544
0.64	731.662163
0.65	715.944260
0.66	699.125918
0.67	681.218327
0.68	662.237340
0.69	642.204023
0.70	621.145297
0.71	599.095185
0.72	576.094193
0.73	552.189830
0.74	527.437712
0.75	501.904646
0.76	475.670114
0.77	448.836932
0.78	421.539511
0.79	393.932278
0.80	366.179323
0.81	338.447273
0.82	310.901021
0.83	283.696279
0.84	256.983480
0.85	230.908361
0.86	205.610217
0.87	181.225416
0.88	157.892852
0.89	135.744112
0.90	114.906064
0.91	95.509334
0.92	77.686443
0.93	61.573516
0.94	47.307652
0.95	35.018295
0.96	24.821629
0.97	16.817373
0.98	11.085911
0.99	7.685868
1.00	6.652278
