0.00	0.000000
0.01	1.214502
0.02	4.821100
0.03	10.781981
0.04	19.035556
0.05	29.498387
0.06	42.067555
0.07	56.624947
0.08	73.040480
0.09	91.173986
0.10	110.887765
0.11	132.053141
0.12	154.542349
0.13	178.223391
0.14	202.959649
0.15	228.611836
0.16	255.037699
0.17	282.090584
0.18	309.622384
0.19	337.486356
0.20	365.536288
0.21	393.617809
0.22	421.560797
0.23	449.190801
0.24	476.341475
0.25	502.877407
0.26	528.705015
0.27	553.748484
0.28	577.940383
0.29	601.223525
0.30	623.549814
0.31	644.878684
0.32	665.176366
0.33	684.414892
0.34	702.572842
0.35	719.634162
0.36	735.587350
0.37	750.425057
0.38	764.143323
0.39	776.741008
0.40	788.219279
0.41	798.581122
0.42	807.830444
0.43	815.972187
0.44	823.012039
0.45	828.955764
0.46	833.808836
0.47	837.576168
0.48	840.261881
0.49	841.869047
0.50	842.399630
0.51	841.854442
0.52	840.233070
0.53	837.533856
0.54	833.754029
0.55	828.889806
0.56	822.936591
0.57	815.889213
0.58	807.742208
0.59	798.490153
0.60	788.128082
0.61	776.651981
0.62	764.059151
0.63	750.348639
0.64	735.521754
0.65	719.582710
0.66	702.539114
0.67	684.402472
0.68	665.188834
0.69	644.919411
0.70	623.621273
0.71	601.327713
0.72	578.079421
0.73	553.925107
0.74	528.920966
0.75	503.134076
0.76	476.648015
0.77	449.563756
0.78	422.020846
0.79	394.181507
0.80	366.211701
0.81	338.272262
0.82	310.520429
0.83	283.109058
0.84	256.186815
0.85	229.901484
0.86	204.398210
0.87	179.819289
0.88	156.302223
0.89	133.982147
0.90	112.993988
0.91	93.466203
0.92	75.525552
0.93	59.309691
0.94	44.956438
0.95	32.593051
0.96	22.335599
0.97	14.284367
0.98	8.519995
0.99	5.101287
1.00	4.063402
