0.00	0.000000
0.01	1.206054
0.02	4.788506
0.03	10.710825
0.04	18.912749
0.05	29.312155
0.06	41.807185
0.07	56.280332
0.08	72.601521
0.09	90.633681
0.10	110.245371
0.11	131.307572
0.12	153.686894
0.13	177.242077
0.14	201.831001
0.15	227.312537
0.16	253.545081
0.17	280.386572
0.18	307.695228
0.19	335.332032
0.20	363.155203
0.21	391.005454
0.22	418.715361
0.23	446.122596
0.24	473.067560
0.25	499.415536
0.26	525.069714
0.27	549.954449
0.28	574.007142
0.29	597.173641
0.30	619.407490
0.31	640.669293
0.32	660.926064
0.33	680.150623
0.34	698.320518
0.35	715.418687
0.36	731.432603
0.37	746.353618
0.38	760.176247
0.39	772.897508
0.40	784.516185
0.41	795.032953
0.42	804.449862
0.43	812.769945
0.44	819.996693
0.45	826.133267
0.46	831.181804
0.47	835.144685
0.48	838.024104
0.49	839.821590
0.50	840.537632
0.51	840.171736
0.52	838.722465
0.53	836.187004
0.54	832.562202
0.55	827.844941
0.56	822.032331
0.57	815.120975
0.58	807.107130
0.59	797.987250
0.60	787.758006
0.61	776.417232
0.62	763.964445
0.63	750.400904
0.64	735.729958
0.65	719.958424
0.66	703.096086
0.67	685.156323
0.68	666.157042
0.69	646.121605
0.70	625.078294
0.71	603.061316
0.72	580.111264
0.73	556.276073
0.74	531.613534
0.75	506.199257
0.76	480.125115
0.77	453.502640
0.78	426.460466
0.79	399.137162
0.80	371.684021
0.81	344.246125
0.82	316.960672
0.83	289.968887
0.84	263.424057
0.85	237.469559
0.86	212.250102
0.87	187.914693
0.88	164.614597
0.89	142.490119
0.90	121.674743
0.91	102.294665
0.92	84.475678
0.93	68.352043
0.94	54.062147
0.95	41.732425
0.96	31.475082
0.97	23.385576
0.98	17.540090
0.99	13.993277
1.00	12.776687
