0.00	0.000000
0.01	1.228087
0.02	4.875515
0.03	10.904010
0.04	19.251019
0.05	29.831639
0.06	42.540946
0.07	57.257842
0.08	73.849268
0.09	92.173255
0.10	112.092688
0.11	133.478523
0.12	156.200342
0.13	180.125534
0.14	205.117255
0.15	231.034290
0.16	257.735066
0.17	285.077151
0.18	312.917057
0.19	341.106454
0.20	369.491339
0.21	397.910355
0.22	426.190329
0.23	454.149487
0.24	481.613106
0.25	508.453121
0.26	534.568649
0.27	559.873108
0.28	584.298014
0.29	607.787327
0.30	630.293293
0.31	651.775869
0.32	672.202364
0.33	691.546960
0.34	709.789913
0.35	726.916836
0.36	742.918074
0.37	757.788075
0.38	771.524771
0.39	784.128983
0.40	795.603831
0.41	805.954188
0.42	815.186141
0.43	823.306529
0.44	830.322545
0.45	836.241291
0.46	841.069400
0.47	844.812701
0.48	847.476052
0.49	849.063097
0.50	849.576109
0.51	849.015899
0.52	847.381806
0.53	844.671710
0.54	840.882136
0.55	836.008393
0.56	830.044787
0.57	822.984878
0.58	814.821825
0.59	805.548722
0.60	795.158980
0.61	783.646855
0.62	771.007898
0.63	757.239433
0.64	742.341113
0.65	726.315483
0.66	709.168617
0.67	690.910705
0.68	671.556744
0.69	651.127099
0.70	629.648195
0.71	607.152996
0.72	583.681572
0.73	559.281907
0.74	534.011324
0.75	507.938480
0.76	481.143347
0.77	453.724079
0.78	425.814951
0.79	397.596660
0.80	369.255827
0.81	340.965258
0.82	312.884237
0.83	285.163992
0.84	257.951037
0.85	231.389345
0.86	205.620884
0.87	180.784248
0.88	157.017321
0.89	134.455074
0.90	113.230273
0.91	93.474975
0.92	75.321079
0.93	58.907304
0.94	44.372418
0.95	31.847857
0.96	21.452704
0.97	13.290396
0.98	7.444622
0.99	3.976632
1.00	2.923425
