0.00	0.000000
0.01	1.229584
0.02	4.881099
0.03	10.915665
0.04	19.270182
0.05	29.859295
0.06	42.577922
0.07	57.304027
0.08	73.904342
0.09	92.238807
0.10	112.170929
0.11	133.568995
0.12	156.302189
0.13	180.238187
0.14	205.239036
0.15	231.163864
0.16	257.869898
0.17	285.214434
0.18	313.052215
0.19	341.234552
0.20	369.607455
0.21	398.011240
0.22	426.276119
0.23	454.217890
0.24	481.656847
0.25	508.461035
0.26	534.533665
0.27	559.797312
0.28	584.187646
0.29	607.649025
0.30	630.133960
0.31	651.602523
0.32	672.022080
0.33	691.366601
0.34	709.615989
0.35	726.755457
0.36	742.774937
0.37	757.668446
0.38	771.433434
0.39	784.070182
0.40	795.581197
0.41	805.970723
0.42	815.244241
0.43	823.408025
0.44	830.468661
0.45	836.432634
0.46	841.305983
0.47	845.093990
0.48	847.800966
0.49	849.430024
0.50	849.982967
0.51	849.460180
0.52	847.860650
0.53	845.181957
0.54	841.420388
0.55	836.571075
0.56	830.628202
0.57	823.585254
0.58	815.435322
0.59	806.171473
0.60	795.787123
0.61	784.276498
0.62	771.635113
0.63	757.860320
0.64	742.951845
0.65	726.912322
0.66	709.747919
0.67	691.468951
0.68	672.090515
0.69	651.633164
0.70	630.123584
0.71	607.595141
0.72	584.088342
0.73	559.651443
0.74	534.341089
0.75	508.225394
0.76	481.387663
0.77	453.931876
0.78	426.006435
0.79	397.779967
0.80	369.424956
0.81	341.106291
0.82	312.984449
0.83	285.212629
0.84	257.941777
0.85	231.319944
0.86	205.491507
0.87	180.597131
0.88	156.775195
0.89	134.163797
0.90	112.895517
0.91	93.099223
0.92	74.904724
0.93	58.451949
0.94	43.881595
0.95	31.327127
0.96	20.908410
0.97	12.728262
0.98	6.869528
0.99	3.392612
1.00	2.333625
