0.00	0.000000
0.01	1.217530
0.02	4.833744
0.03	10.811514
0.04	19.089702
0.05	29.585070
0.06	42.194766
0.07	56.799161
0.08	73.266002
0.09	91.457370
0.10	111.237554
0.11	132.473856
0.12	155.036536
0.13	178.792456
0.14	203.604066
0.15	229.330772
0.16	255.831169
0.17	282.962231
0.18	310.577961
0.19	338.530866
0.20	366.664879
0.21	394.821643
0.22	422.835370
0.23	450.526523
0.24	477.725868
0.25	504.302496
0.26	530.156652
0.27	555.211937
0.28	579.402093
0.29	602.671288
0.30	624.972710
0.31	646.267060
0.32	666.521975
0.33	685.711511
0.34	703.815552
0.35	720.819095
0.36	736.711890
0.37	751.487726
0.38	765.143823
0.39	777.680249
0.40	789.099349
0.41	799.405046
0.42	808.602717
0.43	816.698516
0.44	823.698822
0.45	829.610298
0.46	834.439144
0.47	838.189854
0.48	840.867009
0.49	842.474515
0.50	843.014964
0.51	842.489553
0.52	840.898074
0.53	838.238888
0.54	834.509070
0.55	829.704509
0.56	823.820130
0.57	816.850140
0.58	808.788334
0.59	799.628447
0.60	789.364553
0.61	777.991536
0.62	765.505574
0.63	751.904592
0.64	737.188844
0.65	721.361411
0.66	704.428803
0.67	686.401549
0.68	667.294801
0.69	647.129027
0.70	625.930670
0.71	603.732644
0.72	580.574936
0.73	556.505233
0.74	531.579342
0.75	505.863256
0.76	479.440011
0.77	452.413054
0.78	424.923436
0.79	397.130209
0.80	369.189744
0.81	341.257891
0.82	313.496973
0.83	286.067785
0.84	259.124128
0.85	232.816028
0.86	207.287645
0.87	182.678562
0.88	159.124688
0.89	136.759405
0.90	115.717491
0.91	96.126818
0.92	78.114054
0.93	61.819459
0.94	47.381674
0.95	34.930413
0.96	24.583399
0.97	16.441736
0.98	10.587066
0.99	7.079138
1.00	5.953956
