0.00	0.000000
0.01	1.236973
0.02	4.910766
0.03	10.982352
0.04	19.388269
0.05	30.042589
0.06	42.839390
0.07	57.655546
0.08	74.357049
0.09	92.804485
0.10	112.860003
0.11	134.392683
0.12	157.273362
0.13	181.367941
0.14	206.537220
0.15	232.638561
0.16	259.527887
0.17	287.058826
0.18	315.086233
0.19	343.465989
0.20	372.050090
0.21	400.682462
0.22	429.194713
0.23	457.399214
0.24	485.106065
0.25	512.176111
0.26	538.508542
0.27	564.024436
0.28	588.657774
0.29	612.351607
0.30	635.057385
0.31	656.734457
0.32	677.349523
0.33	696.876028
0.34	715.293539
0.35	732.587090
0.36	748.746536
0.37	763.765903
0.38	777.642751
0.39	790.377557
0.40	801.973124
0.41	812.434018
0.42	821.766043
0.43	829.975755
0.44	837.070012
0.45	843.055579
0.46	847.938774
0.47	851.725166
0.48	854.419330
0.49	856.024640
0.50	856.543156
0.51	855.975505
0.52	854.320889
0.53	851.577089
0.54	847.740568
0.55	842.806616
0.56	836.769538
0.57	829.622913
0.58	821.359900
0.59	811.973590
0.60	801.457410
0.61	789.805568
0.62	777.013545
0.63	763.078621
0.64	748.000436
0.65	731.781587
0.66	714.428238
0.67	695.950762
0.68	676.364386
0.69	655.689842
0.70	633.954015
0.71	611.190566
0.72	587.440535
0.73	562.752969
0.74	537.188863
0.75	510.820173
0.76	483.729077
0.77	456.014816
0.78	427.816289
0.79	399.317141
0.80	370.704124
0.81	342.146020
0.82	313.798317
0.83	285.810551
0.84	258.327876
0.85	231.494878
0.86	205.458791
0.87	180.365394
0.88	156.357191
0.89	133.573175
0.90	112.146505
0.91	92.203265
0.92	73.869396
0.93	57.286218
0.94	42.596366
0.95	29.934003
0.96	19.420514
0.97	11.160141
0.98	5.237009
0.99	1.712617
1.00	0.623964
