0.00	0.000000
0.01	1.223206
0.02	4.855845
0.03	10.859361
0.04	19.171157
0.05	29.706545
0.06	42.361245
0.07	57.013983
0.08	73.531614
0.09	91.771933
0.10	111.594702
0.11	132.874989
0.12	155.487188
0.13	179.300607
0.14	204.179897
0.15	229.986225
0.16	256.577939
0.17	283.810425
0.18	311.536191
0.19	339.608733
0.20	367.878922
0.21	396.190518
0.22	424.374616
0.23	452.243025
0.24	479.609918
0.25	506.340712
0.26	532.346097
0.27	557.551547
0.28	581.892299
0.29	605.312113
0.30	627.762870
0.31	649.204098
0.32	669.602350
0.33	688.930794
0.34	707.168622
0.35	724.300384
0.36	740.315340
0.37	755.206812
0.38	768.971568
0.39	781.609233
0.40	793.121677
0.41	803.512606
0.42	812.786969
0.43	820.950477
0.44	828.009260
0.45	833.969410
0.46	838.836644
0.47	842.616007
0.48	845.311633
0.49	846.926556
0.50	847.462586
0.51	846.920206
0.52	845.298584
0.53	842.595578
0.54	838.807833
0.55	833.930924
0.56	827.959550
0.57	820.887783
0.58	812.709363
0.59	803.418048
0.60	793.007999
0.61	781.474220
0.62	768.813026
0.63	755.022557
0.64	740.103396
0.65	724.059084
0.66	706.896641
0.67	688.627205
0.68	669.266663
0.69	648.836258
0.70	627.363226
0.71	604.881377
0.72	581.431840
0.73	557.063424
0.74	531.833089
0.75	505.806481
0.76	479.060493
0.77	451.690958
0.78	423.846176
0.79	395.710228
0.80	367.458003
0.81	339.252959
0.82	311.253544
0.83	283.610963
0.84	256.472577
0.85	229.983240
0.86	204.287293
0.87	179.526620
0.88	155.839612
0.89	133.359940
0.90	112.215761
0.91	92.531098
0.92	74.435103
0.93	58.070365
0.94	43.578784
0.95	31.092618
0.96	20.731104
0.97	12.596547
0.98	6.771476
0.99	3.316159
1.00	2.266740
