0.00	0.000000
0.01	1.223548
0.02	4.857381
0.03	10.863638
0.04	19.180350
0.05	29.723377
0.06	42.389113
0.07	57.057836
0.08	73.596278
0.09	91.863888
0.10	111.720298
0.11	133.037710
0.12	155.688545
0.13	179.539643
0.14	204.453915
0.15	230.291079
0.16	256.909943
0.17	284.167627
0.18	311.919205
0.19	340.017401
0.20	368.309897
0.21	396.638891
0.22	424.832977
0.23	452.708196
0.24	480.093475
0.25	506.854881
0.26	532.893773
0.27	558.127924
0.28	582.491472
0.29	605.928418
0.30	628.390891
0.31	649.838648
0.32	670.238650
0.33	689.564446
0.34	707.795520
0.35	724.916548
0.36	740.917045
0.37	755.790622
0.38	769.534406
0.39	782.148433
0.40	793.635015
0.41	803.998180
0.42	813.243334
0.43	821.376674
0.44	828.404745
0.45	834.334049
0.46	839.170698
0.47	842.920122
0.48	845.586826
0.49	847.174182
0.50	847.684324
0.51	847.118029
0.52	845.474721
0.53	842.752479
0.54	838.948137
0.55	834.057427
0.56	828.075162
0.57	820.995494
0.58	812.812210
0.59	803.519077
0.60	793.110237
0.61	781.580640
0.62	768.926534
0.63	755.146007
0.64	740.239464
0.65	724.210239
0.66	707.065154
0.67	688.815121
0.68	669.475760
0.69	649.068018
0.70	627.618798
0.71	605.161597
0.72	581.737034
0.73	557.393360
0.74	532.186888
0.75	506.182681
0.76	479.458846
0.77	452.116735
0.78	424.300683
0.79	396.186722
0.80	367.951799
0.81	339.760651
0.82	311.771936
0.83	284.138307
0.84	257.009230
0.85	230.530769
0.86	204.846051
0.87	180.095880
0.88	156.418535
0.89	133.948136
0.90	112.815658
0.91	93.146953
0.92	75.072183
0.93	58.730461
0.94	44.260885
0.95	31.794588
0.96	21.451298
0.97	13.333649
0.98	7.524403
0.99	4.084133
1.00	3.049341
