0.00	0.000000
0.01	1.100860
0.02	4.374725
0.03	9.796913
0.04	17.321391
0.05	26.882108
0.06	38.394146
0.07	51.754524
0.08	66.854734
0.09	83.574591
0.10	101.785606
0.11	121.357158
0.12	142.153488
0.13	164.038313
0.14	186.872536
0.15	210.516082
0.16	234.834433
0.17	259.690307
0.18	284.956015
0.19	310.499720
0.20	336.184507
0.21	361.886516
0.22	387.489122
0.23	412.878297
0.24	437.933299
0.25	462.539950
0.26	486.609793
0.27	510.068311
0.28	532.853945
0.29	554.914394
0.30	576.202026
0.31	596.674205
0.32	616.293942
0.33	635.028018
0.34	652.846281
0.35	669.722320
0.36	685.632880
0.37	700.556574
0.38	714.474539
0.39	727.371872
0.40	739.236069
0.41	750.056818
0.42	759.824642
0.43	768.531358
0.44	776.168297
0.45	782.728316
0.46	788.206475
0.47	792.598263
0.48	795.899049
0.49	798.104405
0.50	799.211617
0.51	799.217815
0.52	798.120403
0.53	795.916031
0.54	792.602800
0.55	788.178995
0.56	782.642937
0.57	775.994454
0.58	768.236033
0.59	759.371809
0.60	749.406918
0.61	738.348857
0.62	726.205910
0.63	712.988824
0.64	698.711463
0.65	683.389894
0.66	667.044783
0.67	649.700516
0.68	631.384272
0.69	612.127223
0.70	591.965877
0.71	570.941092
0.72	549.099077
0.73	526.492488
0.74	503.179797
0.75	479.230480
0.76	454.727826
0.77	429.759220
0.78	404.421329
0.79	378.821231
0.80	353.077938
0.81	327.327613
0.82	301.698296
0.83	276.330882
0.84	251.364524
0.85	226.935116
0.86	203.187206
0.87	180.256356
0.88	158.283964
0.89	137.409409
0.90	117.760955
0.91	99.470319
0.92	82.663040
0.93	67.461816
0.94	53.988577
0.95	42.355373
0.96	32.661681
0.97	24.994071
0.98	19.423345
0.99	16.001063
1.00	14.758759
