0.00	0.000000
0.01	1.213874
0.02	4.819577
0.03	10.780404
0.04	19.035704
0.05	29.502756
0.06	42.079065
0.07	56.645805
0.08	73.073860
0.09	91.228561
0.10	110.972977
0.11	132.173653
0.12	154.695834
0.13	178.403751
0.14	203.159822
0.15	228.822986
0.16	255.253100
0.17	282.309846
0.18	309.850897
0.19	337.733813
0.20	365.809300
0.21	393.918773
0.22	421.891929
0.23	449.547802
0.24	476.712605
0.25	503.262362
0.26	529.099557
0.27	554.146963
0.28	578.340552
0.29	601.624609
0.30	623.952139
0.31	645.283625
0.32	665.586153
0.33	684.833194
0.34	703.003856
0.35	720.082632
0.36	736.058022
0.37	750.923075
0.38	764.674461
0.39	777.311625
0.40	788.836228
0.41	799.251495
0.42	808.561295
0.43	816.770844
0.44	823.885869
0.45	829.912053
0.46	834.854781
0.47	838.718719
0.48	841.507677
0.49	843.224377
0.50	843.870341
0.51	843.445766
0.52	841.949545
0.53	839.379275
0.54	835.731388
0.55	831.001269
0.56	825.183484
0.57	818.272103
0.58	810.260973
0.59	801.143947
0.60	790.915351
0.61	779.570503
0.62	767.106070
0.63	753.520605
0.64	738.814922
0.65	722.992785
0.66	706.061844
0.67	688.033397
0.68	668.923202
0.69	648.752545
0.70	627.548210
0.71	605.343497
0.72	582.179587
0.73	558.105202
0.74	533.179409
0.75	507.473168
0.76	481.070759
0.77	454.076692
0.78	426.623736
0.79	398.855586
0.80	370.931193
0.81	343.009588
0.82	315.259618
0.83	287.842974
0.84	260.912436
0.85	234.614019
0.86	209.089495
0.87	184.478231
0.88	160.915503
0.89	138.531941
0.90	117.460371
0.91	97.837401
0.92	79.798187
0.93	63.478717
0.94	49.012932
0.95	36.530251
0.96	26.147632
0.97	17.965677
0.98	12.065529
0.99	8.506445
1.00	7.323974
