0.00	0.000000
0.01	1.207943
0.02	4.796174
0.03	10.728886
0.04	18.946494
0.05	29.367497
0.06	41.890909
0.07	56.399063
0.08	72.759716
0.09	90.834263
0.10	110.491434
0.11	131.602001
0.12	154.035176
0.13	177.653690
0.14	202.314272
0.15	227.872006
0.16	254.184669
0.17	281.105873
0.18	308.489230
0.19	336.194016
0.20	364.075542
0.21	391.978995
0.22	419.745744
0.23	447.211314
0.24	474.221889
0.25	500.640528
0.26	526.363512
0.27	551.313632
0.28	575.426477
0.29	598.646772
0.30	620.927250
0.31	642.227847
0.32	662.515316
0.33	681.761846
0.34	699.944811
0.35	717.047017
0.36	733.056385
0.37	747.964804
0.38	761.767470
0.39	774.462164
0.40	786.048736
0.41	796.528628
0.42	805.904710
0.43	814.180842
0.44	821.361207
0.45	827.450043
0.46	832.451289
0.47	836.368370
0.48	839.203988
0.49	840.959875
0.50	841.636752
0.51	841.234202
0.52	839.750839
0.53	837.184126
0.54	833.530541
0.55	828.785770
0.56	822.944860
0.57	816.002445
0.58	807.953054
0.59	798.791532
0.60	788.513350
0.61	777.114924
0.62	764.594457
0.63	750.952227
0.64	736.190688
0.65	720.314975
0.66	703.333854
0.67	685.260681
0.68	666.112995
0.69	645.913144
0.70	624.689231
0.71	602.476245
0.72	579.315807
0.73	555.256535
0.74	530.354885
0.75	504.676919
0.76	478.301262
0.77	451.335718
0.78	423.915183
0.79	396.191540
0.80	368.333779
0.81	340.503317
0.82	312.854982
0.83	285.538631
0.84	258.708830
0.85	232.514190
0.86	207.096401
0.87	182.594145
0.88	159.143438
0.89	136.879634
0.90	115.938724
0.91	96.452985
0.92	78.549608
0.93	62.362805
0.94	48.029827
0.95	35.679007
0.96	25.427478
0.97	17.375781
0.98	11.605030
0.99	8.174485
1.00	7.119708
