0.00	0.000000
0.01	1.167691
0.02	4.634474
0.03	10.364109
0.04	18.298191
0.05	28.357615
0.06	40.445868
0.07	54.451544
0.08	70.249070
0.09	87.704336
0.10	106.681931
0.11	127.045527
0.12	148.663362
0.13	171.403341
0.14	195.135155
0.15	219.725998
0.16	245.039472
0.17	270.933199
0.18	297.267391
0.19	323.900909
0.20	350.685172
0.21	377.474506
0.22	404.118637
0.23	430.470082
0.24	456.391402
0.25	481.763432
0.26	506.491070
0.27	530.495786
0.28	553.716226
0.29	576.099321
0.30	597.598656
0.31	618.173909
0.32	637.790497
0.33	656.419203
0.34	674.036361
0.35	690.622264
0.36	706.161080
0.37	720.641881
0.38	734.057166
0.39	746.402158
0.40	757.674439
0.41	767.873651
0.42	777.000610
0.43	785.057474
0.44	792.047088
0.45	797.972739
0.46	802.837902
0.47	806.645581
0.48	809.398208
0.49	811.097490
0.50	811.744195
0.51	811.338208
0.52	809.878402
0.53	807.362760
0.54	803.788753
0.55	799.153194
0.56	793.453002
0.57	786.685089
0.58	778.846112
0.59	769.933217
0.60	759.943796
0.61	748.876714
0.62	736.732370
0.63	723.513293
0.64	709.224937
0.65	693.875655
0.66	677.477195
0.67	660.044944
0.68	641.598445
0.69	622.161992
0.70	601.766001
0.71	580.445955
0.72	558.243919
0.73	535.209808
0.74	511.400052
0.75	486.880814
0.76	461.729263
0.77	436.033215
0.78	409.896835
0.79	383.453277
0.80	356.856123
0.81	330.263423
0.82	303.834407
0.83	277.726109
0.84	252.090796
0.85	227.076155
0.86	202.822136
0.87	179.462375
0.88	157.127591
0.89	135.946458
0.90	116.044598
0.91	97.543002
0.92	80.562492
0.93	65.242814
0.94	51.716316
0.95	40.104662
0.96	30.518885
0.97	23.054349
0.98	17.788191
0.99	14.776926
1.00	14.054638
