0.00	0.000000
0.01	1.174552
0.02	4.707184
0.03	10.561341
0.04	18.677175
0.05	28.973406
0.06	41.349703
0.07	55.690268
0.08	71.867298
0.09	89.741591
0.10	109.177768
0.11	130.043432
0.12	152.205695
0.13	175.530351
0.14	199.886629
0.15	225.139539
0.16	251.150782
0.17	277.777580
0.18	304.871763
0.19	332.275323
0.20	359.825125
0.21	387.363058
0.22	414.731402
0.23	441.781760
0.24	468.376563
0.25	494.387599
0.26	519.707442
0.27	544.254503
0.28	567.962759
0.29	590.776894
0.30	612.650229
0.31	633.543360
0.32	653.423343
0.33	672.263797
0.34	690.044178
0.35	706.748925
0.36	722.366928
0.37	736.891017
0.38	750.317369
0.39	762.644965
0.40	773.875058
0.41	784.010673
0.42	793.056077
0.43	801.016461
0.44	807.897547
0.45	813.705172
0.46	818.444946
0.47	822.122049
0.48	824.740819
0.49	826.304577
0.50	826.815507
0.51	826.274633
0.52	824.681701
0.53	822.035284
0.54	818.332840
0.55	813.570832
0.56	807.744903
0.57	800.850206
0.58	792.881686
0.59	783.834317
0.60	773.703504
0.61	762.485506
0.62	750.177855
0.63	736.779791
0.64	722.292772
0.65	706.721150
0.66	690.072575
0.67	672.358566
0.68	653.595042
0.69	633.803053
0.70	613.009089
0.71	591.245669
0.72	568.552296
0.73	544.975512
0.74	520.569900
0.75	495.402484
0.76	469.555281
0.77	443.125938
0.78	416.239452
0.79	389.048426
0.80	361.701116
0.81	334.346911
0.82	307.148176
0.83	280.272622
0.84	253.877304
0.85	228.109120
0.86	203.108649
0.87	179.011105
0.88	155.946852
0.89	134.044225
0.90	113.435487
0.91	94.260982
0.92	76.657522
0.93	60.758937
0.94	46.694718
0.95	34.589620
0.96	24.557650
0.97	16.697402
0.98	11.088522
0.99	7.789313
1.00	6.834882
