0.00	0.000000
0.01	1.185638
0.02	4.750868
0.03	10.657708
0.04	18.844508
0.05	29.227869
0.06	41.705195
0.07	56.158426
0.08	72.455629
0.09	90.454244
0.10	110.021656
0.11	131.027737
0.12	153.343611
0.13	176.837702
0.14	201.375393
0.15	226.820509
0.16	253.034197
0.17	279.874924
0.18	307.198073
0.19	334.850381
0.20	362.672514
0.21	390.503086
0.22	418.173716
0.23	445.517043
0.24	472.382907
0.25	498.647251
0.26	524.203053
0.27	548.972477
0.28	572.890603
0.29	595.902504
0.30	617.961158
0.31	639.027082
0.32	659.067755
0.33	678.057021
0.34	695.974672
0.35	712.805762
0.36	728.539883
0.37	743.170565
0.38	756.694700
0.39	769.111982
0.40	780.424359
0.41	790.635509
0.42	799.750342
0.43	807.774598
0.44	814.714227
0.45	820.574760
0.46	825.361907
0.47	829.080970
0.48	831.736430
0.49	833.331595
0.50	833.868537
0.51	833.348042
0.52	831.769538
0.53	829.131096
0.54	825.429651
0.55	820.661086
0.56	814.820536
0.57	807.902471
0.58	799.900967
0.59	790.810061
0.60	780.624139
0.61	769.338357
0.62	756.949112
0.63	743.454585
0.64	728.855259
0.65	713.154496
0.66	696.358902
0.67	678.479159
0.68	659.530626
0.69	639.533971
0.70	618.515689
0.71	596.508730
0.72	573.552923
0.73	549.695157
0.74	524.990570
0.75	499.506078
0.76	473.329502
0.77	446.558148
0.78	419.309351
0.79	391.734343
0.80	364.005432
0.81	336.291512
0.82	308.761664
0.83	281.575099
0.84	254.884247
0.85	228.835556
0.86	203.568794
0.87	179.221411
0.88	155.926416
0.89	133.813029
0.90	113.008459
0.91	93.646950
0.92	75.866541
0.93	59.802702
0.94	45.588774
0.95	33.352005
0.96	23.207413
0.97	15.255056
0.98	9.575786
0.99	6.228722
1.00	5.249404
