0.00	0.000000
0.01	1.195885
0.02	4.791884
0.03	10.749798
0.04	19.007560
0.05	29.481162
0.06	42.066969
0.07	56.645408
0.08	73.084493
0.09	91.244930
0.10	110.991721
0.11	132.193720
0.12	154.719639
0.13	178.435255
0.14	203.202405
0.15	228.882981
0.16	255.337771
0.17	282.423594
0.18	309.994288
0.19	337.900095
0.20	365.986180
0.21	394.093213
0.22	422.052255
0.23	449.690107
0.24	476.837721
0.25	503.360330
0.26	529.164045
0.27	554.173678
0.28	578.325433
0.29	601.563931
0.30	623.841820
0.31	645.119502
0.32	665.364292
0.33	684.549841
0.34	702.655686
0.35	719.666528
0.36	735.571672
0.37	750.364393
0.38	764.041330
0.39	776.601966
0.40	788.048038
0.41	798.382963
0.42	807.611399
0.43	815.738807
0.44	822.771016
0.45	828.713810
0.46	833.572795
0.47	837.352939
0.48	840.058323
0.49	841.691932
0.50	842.255535
0.51	841.749581
0.52	840.173217
0.53	837.524277
0.54	833.799398
0.55	828.994154
0.56	823.103254
0.57	816.120792
0.58	808.040542
0.59	798.856312
0.60	788.562319
0.61	777.153662
0.62	764.626760
0.63	750.979872
0.64	736.213597
0.65	720.331416
0.66	703.340307
0.67	685.251255
0.68	666.079859
0.69	645.847066
0.70	624.579724
0.71	602.311090
0.72	579.081458
0.73	554.938762
0.74	529.939028
0.75	504.148211
0.76	477.647161
0.77	450.553945
0.78	423.010238
0.79	395.166144
0.80	367.181098
0.81	339.213377
0.82	311.415804
0.83	283.945304
0.84	256.960274
0.85	230.611977
0.86	205.045772
0.87	180.403163
0.88	156.820988
0.89	134.431727
0.90	113.367920
0.91	93.758607
0.92	75.734983
0.93	59.438054
0.94	45.006678
0.95	32.571839
0.96	22.251102
0.97	14.145266
0.98	8.335571
0.99	4.881273
1.00	3.817833
