0.00	0.000000
0.01	1.159637
0.02	4.648436
0.03	10.431853
0.04	18.452244
0.05	28.630653
0.06	40.868786
0.07	55.051081
0.08	71.056569
0.09	88.759431
0.10	108.025285
0.11	128.715063
0.12	150.685149
0.13	173.795832
0.14	197.918934
0.15	222.925952
0.16	248.680989
0.17	275.043344
0.18	301.869658
0.19	329.010605
0.20	356.319859
0.21	383.651628
0.22	410.857923
0.23	437.771864
0.24	464.241859
0.25	490.138535
0.26	515.369381
0.27	539.859923
0.28	563.544259
0.29	586.363334
0.30	608.268178
0.31	629.215887
0.32	649.170851
0.33	668.104504
0.34	685.993500
0.35	702.820055
0.36	718.570572
0.37	733.235373
0.38	746.808209
0.39	759.285495
0.40	770.666456
0.41	780.952159
0.42	790.145040
0.43	798.248556
0.44	805.265922
0.45	811.201309
0.46	816.059012
0.47	819.843756
0.48	822.559617
0.49	824.209782
0.50	824.796597
0.51	824.321368
0.52	822.784352
0.53	820.184730
0.54	816.520622
0.55	811.789580
0.56	805.989052
0.57	799.115523
0.58	791.166142
0.59	782.138165
0.60	772.029419
0.61	760.838343
0.62	748.565049
0.63	735.211659
0.64	720.782504
0.65	705.284700
0.66	688.728523
0.67	671.127981
0.68	652.501285
0.69	632.872176
0.70	612.269497
0.71	590.727339
0.72	568.284604
0.73	544.987752
0.74	520.891005
0.75	496.059411
0.76	470.577450
0.77	444.546318
0.78	418.086717
0.79	391.331166
0.80	364.415469
0.81	337.480872
0.82	310.681761
0.83	284.168125
0.84	258.091556
0.85	232.598099
0.86	207.833701
0.87	183.938716
0.88	161.050500
0.89	139.302775
0.90	118.828114
0.91	99.752080
0.92	82.198101
0.93	66.295899
0.94	52.176248
0.95	39.965061
0.96	29.773196
0.97	21.695877
0.98	15.810006
0.99	12.171847
1.00	10.815291
