0.00	0.000000
0.01	1.187804
0.02	4.759165
0.03	10.675639
0.04	18.875071
0.05	29.273445
0.06	41.767270
0.07	56.237122
0.08	72.552765
0.09	90.578109
0.10	110.180212
0.11	131.223431
0.12	153.570701
0.13	177.089977
0.14	201.648252
0.15	227.108912
0.16	253.333940
0.17	280.182799
0.18	307.510175
0.19	335.164158
0.20	362.985199
0.21	390.813687
0.22	418.485875
0.23	445.830873
0.24	472.685340
0.25	498.929886
0.26	524.469053
0.27	549.222283
0.28	573.125889
0.29	596.125577
0.30	618.174100
0.31	639.232392
0.32	659.268639
0.33	678.257151
0.34	696.177802
0.35	713.015452
0.36	728.759413
0.37	743.402903
0.38	756.942563
0.39	769.377827
0.40	780.710314
0.41	790.943306
0.42	800.081352
0.43	808.129922
0.44	815.094586
0.45	820.981015
0.46	825.794836
0.47	829.541066
0.48	832.223794
0.49	833.846038
0.50	834.409600
0.51	833.914977
0.52	832.361402
0.53	829.746805
0.54	826.068003
0.55	821.320686
0.56	815.499804
0.57	808.599870
0.58	800.615182
0.59	791.540063
0.60	781.369306
0.61	770.098501
0.62	757.724501
0.63	744.245890
0.64	729.663488
0.65	713.980878
0.66	697.205095
0.67	679.347262
0.68	660.422815
0.69	640.452177
0.70	619.461660
0.71	597.484446
0.72	574.560605
0.73	550.737552
0.74	526.072884
0.75	500.635427
0.76	474.510916
0.77	447.804698
0.78	420.646901
0.79	393.180930
0.80	365.563912
0.81	337.959191
0.82	310.523570
0.83	283.408559
0.84	256.763625
0.85	230.737353
0.86	205.475859
0.87	181.120235
0.88	157.806818
0.89	135.674466
0.90	114.858813
0.91	95.493492
0.92	77.712275
0.93	61.651838
0.94	47.445896
0.95	35.221149
0.96	25.092315
0.97	17.158084
0.98	11.497805
0.99	8.169036
1.00	7.205814
