0.00	0.000000
0.01	1.186390
0.02	4.753663
0.03	10.663671
0.04	18.854653
0.05	29.243160
0.06	41.724101
0.07	56.175836
0.08	72.471213
0.09	90.479386
0.10	110.066341
0.11	131.100047
0.12	153.446625
0.13	176.968464
0.14	201.530572
0.15	226.995302
0.16	253.223200
0.17	280.074023
0.18	307.402293
0.19	335.057895
0.20	362.886480
0.21	390.721554
0.22	418.394606
0.23	445.740102
0.24	472.607323
0.25	498.875846
0.26	524.446575
0.27	549.233464
0.28	573.168059
0.29	596.194849
0.30	618.266649
0.31	639.343411
0.32	659.392749
0.33	678.388539
0.34	696.310295
0.35	713.142731
0.36	728.875244
0.37	743.501145
0.38	757.017398
0.39	769.423846
0.40	780.722590
0.41	790.917478
0.42	800.013604
0.43	808.016917
0.44	814.933663
0.45	820.770143
0.46	825.532307
0.47	829.225668
0.48	831.854833
0.49	833.423366
0.50	833.933615
0.51	833.386670
0.52	831.782307
0.53	829.118947
0.54	825.393871
0.55	820.603334
0.56	814.742757
0.57	807.806863
0.58	799.789985
0.59	790.686422
0.60	780.490886
0.61	769.198904
0.62	756.807208
0.63	743.314391
0.64	728.721659
0.65	713.033226
0.66	696.256418
0.67	678.402447
0.68	659.487135
0.69	639.531535
0.70	618.562309
0.71	596.613027
0.72	573.723703
0.73	549.942385
0.74	525.328268
0.75	499.950588
0.76	473.888102
0.77	447.242492
0.78	420.148061
0.79	392.765562
0.80	365.259078
0.81	337.782461
0.82	310.480768
0.83	283.499469
0.84	256.986725
0.85	231.088215
0.86	205.948369
0.87	181.708129
0.88	158.504576
0.89	136.469152
0.90	115.734281
0.91	96.435206
0.92	78.707462
0.93	62.687462
0.94	48.505605
0.95	36.286441
0.96	26.145087
0.97	18.180253
0.98	12.471501
0.99	9.076995
1.00	8.031729
