0.00	0.000000
0.01	1.193468
0.02	4.781429
0.03	10.725135
0.04	18.961989
0.05	29.407505
0.06	41.957243
0.07	56.491064
0.08	72.879310
0.09	90.985988
0.10	110.674404
0.11	131.809759
0.12	154.260766
0.13	177.893592
0.14	202.571447
0.15	228.156468
0.16	254.508961
0.17	281.487836
0.18	308.952764
0.19	336.763196
0.20	364.766596
0.21	392.787668
0.22	420.655247
0.23	448.205002
0.24	475.286917
0.25	501.766522
0.26	527.539714
0.27	552.527612
0.28	576.666055
0.29	599.900339
0.30	622.183164
0.31	643.474476
0.32	663.741101
0.33	682.955652
0.34	701.096805
0.35	718.148520
0.36	734.098695
0.37	748.939170
0.38	762.665844
0.39	775.277482
0.40	786.775019
0.41	797.161276
0.42	806.440332
0.43	814.617134
0.44	821.696950
0.45	827.685090
0.46	832.586718
0.47	836.406427
0.48	839.148225
0.49	840.815320
0.50	841.409783
0.51	840.932383
0.52	839.383198
0.53	836.761186
0.54	833.064236
0.55	828.289295
0.56	822.432534
0.57	815.489606
0.58	807.455856
0.59	798.326704
0.60	788.097928
0.61	776.766139
0.62	764.329122
0.63	750.786428
0.64	736.139833
0.65	720.393547
0.66	703.555002
0.67	685.635733
0.68	666.651569
0.69	646.623565
0.70	625.578471
0.71	603.549130
0.72	580.574885
0.73	556.702548
0.74	531.987627
0.75	506.499577
0.76	480.332242
0.77	453.605689
0.78	426.448056
0.79	398.998034
0.80	371.407604
0.81	343.828791
0.82	316.408812
0.83	289.294066
0.84	262.634163
0.85	236.580961
0.86	211.285837
0.87	186.897190
0.88	163.558851
0.89	141.407172
0.90	120.578045
0.91	101.198310
0.92	83.391896
0.93	67.295679
0.94	53.046831
0.95	40.771895
0.96	30.583494
0.97	22.577630
0.98	16.831160
0.99	13.399509
1.00	12.315059
