0.00	0.000000
0.01	1.182849
0.02	4.740967
0.03	10.637888
0.04	18.813450
0.05	29.185686
0.06	41.653284
0.07	56.098919
0.08	72.393005
0.09	90.398696
0.10	109.976191
0.11	130.993088
0.12	153.317659
0.13	176.815712
0.14	201.348477
0.15	226.780996
0.16	252.973606
0.17	279.786962
0.18	307.081205
0.19	334.711582
0.20	362.526610
0.21	390.365190
0.22	418.053949
0.23	445.418123
0.24	472.296286
0.25	498.564034
0.26	524.134365
0.27	548.933367
0.28	572.897559
0.29	595.972530
0.30	618.111497
0.31	639.274807
0.32	659.427975
0.33	678.543774
0.34	696.601265
0.35	713.584514
0.36	729.481819
0.37	744.285613
0.38	757.991706
0.39	770.598518
0.40	782.106535
0.41	792.517545
0.42	801.834300
0.43	810.060594
0.44	817.200702
0.45	823.259210
0.46	828.240487
0.47	832.148294
0.48	834.985541
0.49	836.754112
0.50	837.454733
0.51	837.086914
0.52	835.649087
0.53	833.138519
0.54	829.551459
0.55	824.883254
0.56	819.128573
0.57	812.281665
0.58	804.336718
0.59	795.288189
0.60	785.131225
0.61	773.861892
0.62	761.477742
0.63	747.978403
0.64	733.365927
0.65	717.645184
0.66	700.824897
0.67	682.917771
0.68	663.941108
0.69	643.917011
0.70	622.873080
0.71	600.842968
0.72	577.867364
0.73	553.994243
0.74	529.281131
0.75	503.797825
0.76	477.623278
0.77	450.853933
0.78	423.618219
0.79	396.070679
0.80	368.364353
0.81	340.669726
0.82	313.153414
0.83	285.974870
0.84	259.287161
0.85	233.235481
0.86	207.958223
0.87	183.588906
0.88	160.258884
0.89	138.099215
0.90	117.243249
0.91	97.822302
0.92	79.965544
0.93	63.811463
0.94	49.495206
0.95	37.145166
0.96	26.876471
0.97	18.787761
0.98	12.958441
0.99	9.446283
1.00	8.285632
