0.00	0.000000
0.01	1.196787
0.02	4.795398
0.03	10.757261
0.04	19.019894
0.05	29.498842
0.06	42.090177
0.07	56.673404
0.08	73.116505
0.09	91.281142
0.10	111.029090
0.11	132.231631
0.12	154.758432
0.13	178.474269
0.14	203.241555
0.15	228.922629
0.16	255.377827
0.17	282.463905
0.18	310.035339
0.19	337.945216
0.20	366.040568
0.21	394.162777
0.22	422.142801
0.23	449.802549
0.24	476.959854
0.25	503.482850
0.26	529.282826
0.27	554.286579
0.28	578.430427
0.29	601.659101
0.30	623.925426
0.31	645.189708
0.32	665.419165
0.33	684.587553
0.34	702.674481
0.35	719.664807
0.36	735.547989
0.37	750.317514
0.38	763.970260
0.39	776.505904
0.40	787.926357
0.41	798.235244
0.42	807.437488
0.43	815.538788
0.44	822.545270
0.45	828.463040
0.46	833.297930
0.47	837.055113
0.48	839.738846
0.49	841.352278
0.50	841.897321
0.51	841.374539
0.52	839.783171
0.53	837.121117
0.54	833.385042
0.55	828.570527
0.56	822.672260
0.57	815.684283
0.58	807.600297
0.59	798.414017
0.60	788.119540
0.61	776.711791
0.62	764.187012
0.63	750.543369
0.64	735.781361
0.65	719.904327
0.66	702.919041
0.67	684.836299
0.68	665.671538
0.69	645.445455
0.70	624.184654
0.71	601.922197
0.72	578.698277
0.73	554.560724
0.74	529.566421
0.75	503.783173
0.76	477.295611
0.77	450.215711
0.78	422.675891
0.79	394.828891
0.80	366.835341
0.81	338.851177
0.82	311.036868
0.83	283.551116
0.84	256.549809
0.85	230.183334
0.86	204.598015
0.87	179.936728
0.88	156.337534
0.89	133.934163
0.90	112.858820
0.91	93.241965
0.92	75.211311
0.93	58.907554
0.94	44.470223
0.95	32.030332
0.96	21.705302
0.97	13.595872
0.98	7.783227
0.99	4.326581
1.00	3.261336
