0.00	0.000000
0.01	1.191640
0.02	4.775346
0.03	10.713695
0.04	18.945496
0.05	29.387666
0.06	41.937635
0.07	56.477331
0.08	72.876278
0.09	90.999483
0.10	110.715050
0.11	131.887271
0.12	154.381704
0.13	178.064151
0.14	202.799204
0.15	228.448720
0.16	254.870769
0.17	281.921122
0.18	309.454152
0.19	337.317849
0.20	365.358191
0.21	393.415931
0.22	421.324649
0.23	448.912816
0.24	476.022404
0.25	502.531793
0.26	528.335481
0.27	553.352410
0.28	577.514999
0.29	600.766865
0.30	623.060278
0.31	644.355047
0.32	664.618332
0.33	683.823497
0.34	701.949595
0.35	718.981082
0.36	734.907119
0.37	749.720842
0.38	763.418757
0.39	776.000187
0.40	787.466613
0.41	797.820902
0.42	807.067611
0.43	815.212183
0.44	822.260462
0.45	828.218372
0.46	833.091466
0.47	836.884667
0.48	839.602018
0.49	841.246466
0.50	841.819850
0.51	841.322774
0.52	839.754543
0.53	837.113173
0.54	833.395486
0.55	828.597240
0.56	822.713341
0.57	815.738432
0.58	807.666799
0.59	798.492616
0.60	788.210395
0.61	776.815496
0.62	764.304508
0.63	750.675869
0.64	735.930256
0.65	720.071169
0.66	703.105518
0.67	685.044414
0.68	665.903537
0.69	645.703585
0.70	624.471202
0.71	602.239282
0.72	579.047691
0.73	554.945993
0.74	529.993970
0.75	504.263715
0.76	477.840499
0.77	450.823113
0.78	423.346230
0.79	395.560245
0.80	367.623453
0.81	339.698070
0.82	311.942283
0.83	284.517303
0.84	257.581057
0.85	231.282597
0.86	205.766755
0.87	181.173700
0.88	157.639662
0.89	135.300584
0.90	114.289321
0.91	94.733387
0.92	76.766262
0.93	60.528297
0.94	46.153871
0.95	33.769553
0.96	23.489916
0.97	15.415125
0.98	9.625943
0.99	6.181412
1.00	5.117018
