0.00	0.000000
0.01	1.179103
0.02	4.726038
0.03	10.604955
0.04	18.756516
0.05	29.099669
0.06	41.534358
0.07	55.945105
0.08	72.203435
0.09	90.174250
0.10	109.727002
0.11	130.726457
0.12	153.035444
0.13	176.513465
0.14	201.019882
0.15	226.416475
0.16	252.563446
0.17	279.316250
0.18	306.524559
0.19	334.030867
0.20	361.681012
0.21	389.322634
0.22	416.800968
0.23	443.958191
0.24	470.650328
0.25	496.747806
0.26	522.148955
0.27	546.774014
0.28	570.558010
0.29	593.445299
0.30	615.389384
0.31	636.351639
0.32	656.300036
0.33	675.208920
0.34	693.057873
0.35	709.831551
0.36	725.519476
0.37	740.114947
0.38	753.614764
0.39	766.018406
0.40	777.327543
0.41	787.545477
0.42	796.676653
0.43	804.726215
0.44	811.699641
0.45	817.602411
0.46	822.439613
0.47	826.215579
0.48	828.933840
0.49	830.597006
0.50	831.206407
0.51	830.762175
0.52	829.263108
0.53	826.706685
0.54	823.089217
0.55	818.405976
0.56	812.651804
0.57	805.822061
0.58	797.911012
0.59	788.912903
0.60	778.822525
0.61	767.635572
0.62	755.349173
0.63	741.962299
0.64	727.476233
0.65	711.895223
0.66	695.226838
0.67	677.482609
0.68	658.678762
0.69	638.836666
0.70	617.983149
0.71	596.151260
0.72	573.380915
0.73	549.719213
0.74	525.221634
0.75	499.954934
0.76	474.008250
0.77	447.495728
0.78	420.542159
0.79	393.281212
0.80	365.862698
0.81	338.434907
0.82	311.147345
0.83	284.156811
0.84	257.623029
0.85	231.700287
0.86	206.534337
0.87	182.265561
0.88	159.030148
0.89	136.960517
0.90	116.191053
0.91	96.854075
0.92	79.082920
0.93	63.014236
0.94	48.783472
0.95	36.518162
0.96	26.333310
0.97	18.327623
0.98	12.580495
0.99	9.149757
1.00	8.069972
