0.00	0.000000
0.01	1.166871
0.02	4.676072
0.03	10.490389
0.04	18.549678
0.05	28.772713
0.06	41.059602
0.07	55.294904
0.08	71.351797
0.09	89.103507
0.10	108.422576
0.11	129.176047
0.12	151.228337
0.13	174.443855
0.14	198.683912
0.15	223.808459
0.16	249.676073
0.17	276.143173
0.18	303.061789
0.19	330.289246
0.20	357.679566
0.21	385.078775
0.22	412.331824
0.23	439.280188
0.24	465.772554
0.25	491.690601
0.26	516.933108
0.27	541.419803
0.28	565.085231
0.29	587.875266
0.30	609.742826
0.31	630.647822
0.32	650.556218
0.33	669.440204
0.34	687.276492
0.35	704.046604
0.36	719.737682
0.37	734.340738
0.38	747.849911
0.39	760.261941
0.40	771.576145
0.41	781.793668
0.42	790.916839
0.43	798.948957
0.44	805.894224
0.45	811.757227
0.46	816.542567
0.47	820.254538
0.48	822.896864
0.49	824.472671
0.50	824.984237
0.51	824.432848
0.52	822.818670
0.53	820.140759
0.54	816.397159
0.55	811.585236
0.56	805.701716
0.57	798.742823
0.58	790.704534
0.59	781.582880
0.60	771.374314
0.61	760.076418
0.62	747.688030
0.63	734.209658
0.64	719.643925
0.65	703.996212
0.66	687.275135
0.67	669.493033
0.68	650.667094
0.69	630.819500
0.70	609.978403
0.71	588.178202
0.72	565.459530
0.73	541.871347
0.74	517.472506
0.75	492.334680
0.76	466.546355
0.77	440.213910
0.78	413.457152
0.79	386.414195
0.80	359.240000
0.81	332.101500
0.82	305.141919
0.83	278.502615
0.84	252.326183
0.85	226.758010
0.86	201.942197
0.87	178.017644
0.88	155.121620
0.89	133.392544
0.90	112.961252
0.91	93.959799
0.92	76.520272
0.93	60.777857
0.94	46.864573
0.95	34.904695
0.96	25.010805
0.97	17.280480
0.98	11.792339
0.99	8.603682
1.00	7.748732
