0.00	0.000000
0.01	1.168923
0.02	4.685564
0.03	10.514966
0.04	18.598888
0.05	28.857454
0.06	41.192767
0.07	55.491035
0.08	71.625393
0.09	89.461195
0.10	108.862755
0.11	129.696259
0.12	151.824676
0.13	175.112988
0.14	199.418364
0.15	224.601910
0.16	250.523855
0.17	277.040538
0.18	304.001589
0.19	331.257973
0.20	358.662742
0.21	386.069410
0.22	413.325187
0.23	440.277349
0.24	466.771194
0.25	492.682543
0.26	517.920948
0.27	542.410307
0.28	566.084598
0.29	588.885392
0.30	610.764796
0.31	631.683344
0.32	651.608427
0.33	670.513298
0.34	688.376599
0.35	705.181763
0.36	720.915688
0.37	735.569429
0.38	749.137833
0.39	761.618087
0.40	773.009713
0.41	783.313960
0.42	792.533671
0.43	800.672537
0.44	807.734734
0.45	813.724480
0.46	818.645733
0.47	822.502483
0.48	825.297598
0.49	827.033059
0.50	827.709922
0.51	827.328196
0.52	825.886695
0.53	823.383169
0.54	819.814572
0.55	815.177108
0.56	809.465803
0.57	802.675535
0.58	794.801468
0.59	785.838954
0.60	775.784126
0.61	764.634221
0.62	752.388042
0.63	739.046213
0.64	724.612176
0.65	709.091989
0.66	692.495322
0.67	674.835555
0.68	656.130473
0.69	636.402760
0.70	615.680250
0.71	593.997184
0.72	571.394575
0.73	547.920109
0.74	523.630557
0.75	498.594195
0.76	472.892012
0.77	446.621952
0.78	419.907311
0.79	392.894988
0.80	365.742608
0.81	338.599481
0.82	311.616226
0.83	284.945227
0.84	258.735420
0.85	233.135788
0.86	208.287697
0.87	184.325050
0.88	161.379958
0.89	139.580932
0.90	119.060079
0.91	99.958239
0.92	82.411506
0.93	66.553089
0.94	52.513526
0.95	40.416446
0.96	30.374985
0.97	22.486306
0.98	16.828470
0.99	13.458339
1.00	12.409803
