0.00	0.000000
0.01	1.205044
0.02	4.828398
0.03	10.831214
0.04	19.150454
0.05	29.700866
0.06	42.377506
0.07	57.058468
0.08	73.609794
0.09	91.891542
0.10	111.765711
0.11	133.104036
0.12	155.776969
0.13	179.650518
0.14	204.587173
0.15	230.447910
0.16	257.093940
0.17	284.383356
0.18	312.172549
0.19	340.313790
0.20	368.655785
0.21	397.039586
0.22	425.292196
0.23	453.225750
0.24	480.658363
0.25	507.450537
0.26	533.509537
0.27	558.761599
0.28	583.141886
0.29	606.594061
0.30	629.070284
0.31	650.530451
0.32	670.941599
0.33	690.277306
0.34	708.517064
0.35	725.645871
0.36	741.653453
0.37	756.533638
0.38	770.283736
0.39	782.903944
0.40	794.396775
0.41	804.766505
0.42	814.018626
0.43	822.159492
0.44	829.195814
0.45	835.134285
0.46	839.981208
0.47	843.742173
0.48	846.421815
0.49	848.023613
0.50	848.549755
0.51	848.001026
0.52	846.376826
0.53	843.675154
0.54	839.892713
0.55	835.025047
0.56	829.066737
0.57	822.011662
0.58	813.853277
0.59	804.584988
0.60	794.200547
0.61	782.694529
0.62	770.062740
0.63	756.302758
0.64	741.414539
0.65	725.400927
0.66	708.268241
0.67	690.026896
0.68	670.692065
0.69	650.284351
0.70	628.830293
0.71	606.363004
0.72	582.922764
0.73	558.557595
0.74	533.323925
0.75	507.289195
0.76	480.534743
0.77	453.172288
0.78	425.338308
0.79	397.198137
0.80	368.925481
0.81	340.683712
0.82	312.631811
0.83	284.925226
0.84	257.714435
0.85	231.146680
0.86	205.368072
0.87	180.521953
0.88	156.747957
0.89	134.182162
0.90	112.956146
0.91	93.198854
0.92	75.035787
0.93	58.606254
0.94	44.052522
0.95	31.506724
0.96	21.088060
0.97	12.898980
0.98	7.022146
0.99	3.517971
1.00	2.422745
