0.00	0.000000
0.01	1.137666
0.02	4.559024
0.03	10.226310
0.04	18.080056
0.05	28.041485
0.06	40.014421
0.07	53.885870
0.08	69.534939
0.09	86.833133
0.10	105.645093
0.11	125.844464
0.12	147.307054
0.13	169.902000
0.14	193.496953
0.15	217.963315
0.16	243.167753
0.17	268.972053
0.18	295.232379
0.19	321.790133
0.20	348.491436
0.21	375.183345
0.22	401.716513
0.23	427.933669
0.24	453.697867
0.25	478.901418
0.26	503.461716
0.27	527.310970
0.28	550.387958
0.29	572.638158
0.30	594.013696
0.31	614.473286
0.32	633.980959
0.33	652.506257
0.34	670.024001
0.35	686.514326
0.36	701.961500
0.37	716.354014
0.38	729.682666
0.39	741.940962
0.40	753.124413
0.41	763.229907
0.42	772.256715
0.43	780.205796
0.44	787.078728
0.45	792.877155
0.46	797.603463
0.47	801.259976
0.48	803.848889
0.49	805.372258
0.50	805.831899
0.51	805.229011
0.52	803.563748
0.53	800.836699
0.54	797.047753
0.55	792.196308
0.56	786.281594
0.57	779.302723
0.58	771.258839
0.59	762.149458
0.60	751.975437
0.61	740.739355
0.62	728.445341
0.63	715.099539
0.64	700.709632
0.65	685.285666
0.66	668.841166
0.67	651.394085
0.68	632.966838
0.69	613.587701
0.70	593.288961
0.71	572.108042
0.72	550.090472
0.73	527.287622
0.74	503.755998
0.75	479.563919
0.76	454.794428
0.77	429.561895
0.78	403.979592
0.79	378.151402
0.80	352.200190
0.81	326.262638
0.82	300.473926
0.83	274.974985
0.84	249.907114
0.85	225.407131
0.86	201.609186
0.87	178.645374
0.88	156.645125
0.89	135.748636
0.90	116.085801
0.91	97.794040
0.92	81.014941
0.93	65.881856
0.94	52.520455
0.95	41.045576
0.96	31.561858
0.97	24.158325
0.98	18.905297
0.99	15.852936
1.00	15.029727
