0.00	0.000000
0.01	1.207687
0.02	4.839128
0.03	10.855749
0.04	19.194737
0.05	29.770986
0.06	42.479464
0.07	57.199799
0.08	73.799522
0.09	92.139619
0.10	112.085458
0.11	133.503388
0.12	156.257505
0.13	180.212095
0.14	205.230357
0.15	231.172339
0.16	257.895683
0.17	285.255124
0.18	313.103494
0.19	341.290706
0.20	369.663483
0.21	398.064332
0.22	426.325608
0.23	454.273139
0.24	481.729989
0.25	508.550629
0.26	534.639729
0.27	559.920442
0.28	584.325740
0.29	607.799491
0.30	630.294196
0.31	651.769970
0.32	672.194238
0.33	691.541048
0.34	709.790403
0.35	726.927639
0.36	742.942833
0.37	757.830179
0.38	771.587330
0.39	784.214786
0.40	795.715341
0.41	806.093512
0.42	815.355034
0.43	823.506351
0.44	830.554202
0.45	836.505331
0.46	841.366013
0.47	845.141816
0.48	847.837340
0.49	849.455983
0.50	849.999807
0.51	849.469438
0.52	847.864066
0.53	845.181451
0.54	841.418019
0.55	836.569012
0.56	830.628688
0.57	823.590570
0.58	815.447772
0.59	806.193398
0.60	795.820860
0.61	784.324342
0.62	771.699292
0.63	757.942940
0.64	743.054854
0.65	727.037518
0.66	709.896936
0.67	691.643309
0.68	672.291583
0.69	651.862085
0.70	630.381150
0.71	607.881735
0.72	584.403977
0.73	559.995782
0.74	534.713596
0.75	508.627654
0.76	481.827959
0.77	454.431092
0.78	426.579123
0.79	398.424667
0.80	370.124823
0.81	341.841659
0.82	313.738085
0.83	285.972610
0.84	258.697411
0.85	232.061731
0.86	206.212981
0.87	181.294686
0.88	157.447539
0.89	134.810858
0.90	113.517869
0.91	93.695683
0.92	75.474347
0.93	58.993432
0.94	44.393624
0.95	31.807066
0.96	21.353284
0.97	13.135197
0.98	7.235627
0.99	3.715056
1.00	2.609848
