0.00	0.000000
0.01	1.168377
0.02	4.682097
0.03	10.503941
0.04	18.573365
0.05	28.808399
0.06	41.108335
0.07	55.357209
0.08	71.426985
0.09	89.182969
0.10	108.491165
0.11	129.212917
0.12	151.215725
0.13	174.365151
0.14	198.526722
0.15	223.565531
0.16	249.348708
0.17	275.741079
0.18	302.602058
0.19	329.780495
0.20	357.119807
0.21	384.459007
0.22	411.636273
0.23	438.492007
0.24	464.883796
0.25	490.691421
0.26	515.815100
0.27	540.178766
0.28	563.720290
0.29	586.384964
0.30	608.125523
0.31	628.902408
0.32	648.683129
0.33	667.440803
0.34	685.153640
0.35	701.804636
0.36	717.381907
0.37	731.877537
0.38	745.286592
0.39	757.607172
0.40	768.840176
0.41	778.988259
0.42	788.055330
0.43	796.046150
0.44	802.965905
0.45	808.819875
0.46	813.613062
0.47	817.349956
0.48	820.034232
0.49	821.668551
0.50	822.254516
0.51	821.792652
0.52	820.282416
0.53	817.722043
0.54	814.108386
0.55	809.437785
0.56	803.705976
0.57	796.908181
0.58	789.039494
0.59	780.095149
0.60	770.070855
0.61	758.963239
0.62	746.770294
0.63	733.492138
0.64	719.131697
0.65	703.694621
0.66	687.190441
0.67	669.632950
0.68	651.039885
0.69	631.433942
0.70	610.842884
0.71	589.300307
0.72	566.846528
0.73	543.529603
0.74	519.404781
0.75	494.536694
0.76	469.005481
0.77	442.913263
0.78	416.387766
0.79	389.575570
0.80	362.622518
0.81	335.675003
0.82	308.888365
0.83	282.415596
0.84	256.405117
0.85	231.003503
0.86	206.350004
0.87	182.577956
0.88	159.816875
0.89	138.202875
0.90	117.868904
0.91	98.942345
0.92	81.559092
0.93	65.853341
0.94	51.955225
0.95	39.986937
0.96	30.059465
0.97	22.268372
0.98	16.690727
0.99	13.382798
1.00	12.378299
