0.00	0.000000
0.01	1.142494
0.02	4.577719
0.03	10.267073
0.04	18.149597
0.05	28.143589
0.06	40.151318
0.07	54.059010
0.08	69.738815
0.09	87.065382
0.10	105.910312
0.11	126.140810
0.12	147.629298
0.13	170.247669
0.14	193.863866
0.15	218.344587
0.16	243.555554
0.17	269.357440
0.18	295.611074
0.19	322.171116
0.20	348.883946
0.21	375.590446
0.22	402.134645
0.23	428.362789
0.24	454.132141
0.25	479.336439
0.26	503.891736
0.27	527.728262
0.28	550.784673
0.29	573.007059
0.30	594.349878
0.31	614.773754
0.32	634.243992
0.33	652.731640
0.34	670.213821
0.35	686.672440
0.36	702.092638
0.37	716.462777
0.38	729.774405
0.39	742.022022
0.40	753.202489
0.41	763.314589
0.42	772.358333
0.43	780.334523
0.44	787.244107
0.45	793.089142
0.46	797.871798
0.47	801.594045
0.48	804.257437
0.49	805.863083
0.50	806.411487
0.51	805.902458
0.52	804.335162
0.53	801.708248
0.54	798.019643
0.55	793.267411
0.56	787.449733
0.57	780.564874
0.58	772.611351
0.59	763.588115
0.60	753.494811
0.61	742.332574
0.62	730.103861
0.63	716.813887
0.64	702.471362
0.65	687.086918
0.66	670.674234
0.67	653.250904
0.68	634.838578
0.69	615.463135
0.70	595.155854
0.71	573.953361
0.72	551.898051
0.73	529.040889
0.74	505.444333
0.75	481.179609
0.76	456.331769
0.77	431.004070
0.78	405.306368
0.79	379.358413
0.80	353.296334
0.81	327.257780
0.82	301.376829
0.83	275.787052
0.84	250.628440
0.85	226.041594
0.86	202.167519
0.87	179.141365
0.88	157.102620
0.89	136.191121
0.90	116.546716
0.91	98.300154
0.92	81.581791
0.93	66.518782
0.94	53.239040
0.95	41.860433
0.96	32.487943
0.97	25.210662
0.98	20.099500
0.99	17.205786
1.00	16.558903
