0.00	0.000000
0.01	1.188500
0.02	4.761982
0.03	10.681829
0.04	18.885668
0.05	29.289328
0.06	41.789339
0.07	56.265680
0.08	72.587083
0.09	90.613570
0.10	110.208703
0.11	131.235457
0.12	153.566038
0.13	177.072419
0.14	201.621610
0.15	227.076968
0.16	253.300167
0.17	280.149743
0.18	307.481220
0.19	335.145296
0.20	362.986286
0.21	390.841061
0.22	418.539670
0.23	445.903117
0.24	472.763905
0.25	498.996977
0.26	524.518580
0.27	549.254832
0.28	573.142443
0.29	596.127288
0.30	618.162750
0.31	639.209541
0.32	659.235515
0.33	678.214972
0.34	696.127949
0.35	712.959533
0.36	728.699396
0.37	743.341012
0.38	756.881181
0.39	769.319556
0.40	780.657963
0.41	790.899884
0.42	800.049971
0.43	808.113631
0.44	815.096531
0.45	821.004385
0.46	825.842503
0.47	829.615391
0.48	832.326466
0.49	833.978524
0.50	834.573177
0.51	834.110691
0.52	832.590003
0.53	830.008761
0.54	826.363430
0.55	821.649390
0.56	815.861166
0.57	808.992665
0.58	801.037488
0.59	791.989321
0.60	781.842281
0.61	770.591337
0.62	758.232826
0.63	744.764947
0.64	730.188291
0.65	714.506298
0.66	697.725864
0.67	679.857922
0.68	660.918131
0.69	640.927319
0.70	619.912031
0.71	597.905115
0.72	574.946531
0.73	551.083720
0.74	526.371958
0.75	500.877505
0.76	474.680768
0.77	447.889732
0.78	420.644300
0.79	393.095642
0.80	365.401889
0.81	337.719255
0.82	310.200704
0.83	283.006404
0.84	256.293147
0.85	230.213765
0.86	204.915197
0.87	180.537043
0.88	157.216163
0.89	135.082440
0.90	114.265744
0.91	94.891825
0.92	77.093443
0.93	61.009412
0.94	46.776786
0.95	34.523266
0.96	24.363319
0.97	16.395323
0.98	10.698287
0.99	7.329541
1.00	6.323009
