0.00	0.000000
0.01	1.185312
0.02	4.751209
0.03	10.661776
0.04	18.857352
0.05	29.256344
0.06	41.757535
0.07	56.242912
0.08	72.582953
0.09	90.644262
0.10	110.296508
0.11	131.405070
0.12	153.833045
0.13	177.442210
0.14	202.090884
0.15	227.632757
0.16	253.928156
0.17	280.838304
0.18	308.219813
0.19	335.928482
0.20	363.813762
0.21	391.723550
0.22	419.496753
0.23	446.963042
0.24	473.963258
0.25	500.370408
0.26	526.083215
0.27	551.022172
0.28	575.123037
0.29	598.330960
0.30	620.598592
0.31	641.885540
0.32	662.158145
0.33	681.389894
0.34	699.559741
0.35	716.651296
0.36	732.651846
0.37	747.552545
0.38	761.348314
0.39	774.037310
0.40	785.619812
0.41	796.097556
0.42	805.473504
0.43	813.751414
0.44	820.935481
0.45	827.029865
0.46	832.038433
0.47	835.964493
0.48	838.810607
0.49	840.578136
0.50	841.267712
0.51	840.878936
0.52	839.410315
0.53	836.859322
0.54	833.222475
0.55	828.495478
0.56	822.673407
0.57	815.750951
0.58	807.722792
0.59	798.583924
0.60	788.329803
0.61	776.956873
0.62	764.463234
0.63	750.847709
0.64	736.112266
0.65	720.261958
0.66	703.305615
0.67	685.256221
0.68	666.131053
0.69	645.952447
0.70	624.748621
0.71	602.554501
0.72	579.412301
0.73	555.373434
0.74	530.497286
0.75	504.854716
0.76	478.533923
0.77	451.640992
0.78	424.295780
0.79	396.644668
0.80	368.845309
0.81	341.057977
0.82	313.439845
0.83	286.144881
0.84	259.325603
0.85	233.133773
0.86	207.715268
0.87	183.210602
0.88	159.761907
0.89	137.505169
0.90	116.570929
0.91	97.090895
0.92	79.192023
0.93	63.010777
0.94	48.682279
0.95	36.333209
0.96	26.078676
0.97	18.017870
0.98	12.230727
0.99	8.775556
1.00	7.687233
