0.00	0.000000
0.01	1.346552
0.02	5.297597
0.03	11.815070
0.04	20.838123
0.05	32.283739
0.06	46.056247
0.07	62.045172
0.08	80.127579
0.09	100.168958
0.10	122.024505
0.11	145.540301
0.12	170.554695
0.13	196.898809
0.14	224.396898
0.15	252.875691
0.16	282.157440
0.17	312.057983
0.18	342.390491
0.19	372.973953
0.20	403.608205
0.21	434.105283
0.22	464.297782
0.23	494.033859
0.24	523.189451
0.25	551.654475
0.26	579.329821
0.27	606.128988
0.28	631.976441
0.29	656.806744
0.30	680.564600
0.31	703.206162
0.32	724.696874
0.33	745.010211
0.34	764.127204
0.35	782.037062
0.36	798.735378
0.37	814.222831
0.38	828.504666
0.39	841.589794
0.40	853.489766
0.41	864.219374
0.42	873.795178
0.43	882.233981
0.44	889.552187
0.45	895.764773
0.46	900.883751
0.47	904.920734
0.48	907.884842
0.49	909.783009
0.50	910.618479
0.51	910.390576
0.52	909.095416
0.53	906.725787
0.54	903.272005
0.55	898.721799
0.56	893.060426
0.57	886.271508
0.58	878.337334
0.59	869.239489
0.60	858.959752
0.61	847.480655
0.62	834.785939
0.63	820.863506
0.64	805.705459
0.65	789.308459
0.66	771.673380
0.67	752.806846
0.68	732.722233
0.69	711.440508
0.70	688.990505
0.71	665.410068
0.72	640.746596
0.73	615.057585
0.74	588.410919
0.75	560.885560
0.76	532.574068
0.77	503.576037
0.78	474.003013
0.79	443.981270
0.80	413.655453
0.81	383.189597
0.82	352.759627
0.83	322.556087
0.84	292.790448
0.85	263.673087
0.86	235.381490
0.87	208.090592
0.88	181.964475
0.89	157.164501
0.90	133.851639
0.91	112.182831
0.92	92.307951
0.93	74.370030
0.94	58.504157
0.95	44.832195
0.96	33.467551
0.97	24.505772
0.98	18.023295
0.99	14.078638
1.00	12.707788
