0.00	0.000000
0.01	1.378572
0.02	5.426249
0.03	12.104582
0.04	21.351313
0.05	33.084387
0.06	47.207293
0.07	63.606852
0.08	82.154274
0.09	102.706706
0.10	125.114086
0.11	149.218982
0.12	174.858276
0.13	201.862100
0.14	230.059388
0.15	259.281006
0.16	289.347610
0.17	320.064604
0.18	351.213596
0.19	382.575897
0.20	413.937988
0.21	445.117407
0.22	475.962976
0.23	506.334393
0.24	536.110591
0.25	565.182204
0.26	593.450500
0.27	620.827894
0.28	647.237792
0.29	672.614866
0.30	696.904637
0.31	720.062052
0.32	742.050787
0.33	762.843569
0.34	782.421785
0.35	800.774224
0.36	817.896403
0.37	833.790256
0.38	848.462187
0.39	861.922541
0.40	874.184868
0.41	885.264409
0.42	895.177539
0.43	903.940457
0.44	911.568926
0.45	918.077541
0.46	923.478811
0.47	927.782259
0.48	930.994463
0.49	933.118691
0.50	934.154626
0.51	934.098188
0.52	932.941749
0.53	930.674579
0.54	927.282791
0.55	922.749794
0.56	917.056414
0.57	910.182127
0.58	902.105526
0.59	892.805076
0.60	882.260061
0.61	870.451387
0.62	857.362509
0.63	842.980570
0.64	827.297910
0.65	810.312721
0.66	792.028679
0.67	772.455401
0.68	751.608946
0.69	729.513470
0.70	706.201932
0.71	681.717024
0.72	656.112180
0.73	629.450882
0.74	601.807183
0.75	573.265888
0.76	543.923409
0.77	513.892396
0.78	483.294993
0.79	452.266020
0.80	420.972422
0.81	389.603589
0.82	358.361473
0.83	327.437864
0.84	297.004157
0.85	267.225995
0.86	238.273929
0.87	210.320484
0.88	183.541513
0.89	158.110462
0.90	134.197770
0.91	111.968473
0.92	91.579817
0.93	73.179005
0.94	56.904499
0.95	42.882346
0.96	31.226002
0.97	22.031597
0.98	15.378399
0.99	11.320917
1.00	9.887799
