0.00	0.000000
0.01	1.084844
0.02	4.279107
0.03	9.595930
0.04	17.025466
0.05	26.517376
0.06	37.990345
0.07	51.360593
0.08	66.516522
0.09	83.335644
0.10	101.689917
0.11	121.446785
0.12	142.474912
0.13	164.640949
0.14	187.808486
0.15	211.839096
0.16	236.600454
0.17	261.944379
0.18	287.723568
0.19	313.802995
0.20	340.058010
0.21	366.355635
0.22	392.564655
0.23	418.563586
0.24	444.241239
0.25	469.498146
0.26	494.237561
0.27	518.382035
0.28	541.857769
0.29	564.590176
0.30	586.507679
0.31	607.559198
0.32	627.686947
0.33	646.835208
0.34	664.967812
0.35	682.056438
0.36	698.077028
0.37	713.015924
0.38	726.867958
0.39	739.628762
0.40	751.296965
0.41	761.872668
0.42	771.358378
0.43	779.759000
0.44	787.080705
0.45	793.329741
0.46	798.510492
0.47	802.627368
0.48	805.683944
0.49	807.681587
0.50	808.621806
0.51	808.506068
0.52	807.335855
0.53	805.110815
0.54	801.830513
0.55	797.495228
0.56	792.105594
0.57	785.663270
0.58	778.168949
0.59	769.623064
0.60	760.025448
0.61	749.374303
0.62	737.670559
0.63	724.916519
0.64	711.115750
0.65	696.272853
0.66	680.394895
0.67	663.496580
0.68	645.603248
0.69	626.734957
0.70	606.923864
0.71	586.217425
0.72	564.667416
0.73	542.331050
0.74	519.278708
0.75	495.591600
0.76	471.357882
0.77	446.660482
0.78	421.595421
0.79	396.277137
0.80	370.821414
0.81	345.338285
0.82	319.950790
0.83	294.779553
0.84	269.957908
0.85	245.623861
0.86	221.919338
0.87	198.982690
0.88	176.944806
0.89	155.958610
0.90	136.168810
0.91	117.705688
0.92	100.686012
0.93	85.220014
0.94	71.413776
0.95	59.386254
0.96	49.235308
0.97	41.030546
0.98	34.815754
0.99	30.634509
1.00	28.501747
