0.00	0.000000
0.01	1.115872
0.02	4.384199
0.03	9.790855
0.04	17.304297
0.05	26.881503
0.06	38.466022
0.07	51.986488
0.08	67.356616
0.09	84.470075
0.10	103.199231
0.11	123.410662
0.12	144.971667
0.13	167.745347
0.14	191.580158
0.15	216.331066
0.16	241.851579
0.17	267.990546
0.18	294.606341
0.19	321.558241
0.20	348.707612
0.21	375.915410
0.22	403.045389
0.23	429.966428
0.24	456.550160
0.25	482.676464
0.26	508.233326
0.27	533.112770
0.28	557.227371
0.29	580.501068
0.30	602.878592
0.31	624.311845
0.32	644.753663
0.33	664.161620
0.34	682.510259
0.35	699.787759
0.36	715.989636
0.37	731.113688
0.38	745.158182
0.39	758.123781
0.40	770.013516
0.41	780.831841
0.42	790.582216
0.43	799.267609
0.44	806.891678
0.45	813.457628
0.46	818.969243
0.47	823.428320
0.48	826.835081
0.49	829.188167
0.50	830.484885
0.51	830.720908
0.52	829.891797
0.53	827.992535
0.54	825.016985
0.55	820.957399
0.56	815.805949
0.57	809.555502
0.58	802.198324
0.59	793.726573
0.60	784.132152
0.61	773.408744
0.62	761.551221
0.63	748.556283
0.64	734.422020
0.65	719.150155
0.66	702.749121
0.67	685.234689
0.68	666.627719
0.69	646.961629
0.70	626.287253
0.71	604.663863
0.72	582.146335
0.73	558.793655
0.74	534.669888
0.75	509.858225
0.76	484.450753
0.77	458.550963
0.78	432.263427
0.79	405.694049
0.80	378.955938
0.81	352.161573
0.82	325.450409
0.83	298.964553
0.84	272.850207
0.85	247.258981
0.86	222.339104
0.87	198.241952
0.88	175.122515
0.89	153.115080
0.90	132.350176
0.91	112.965136
0.92	95.087756
0.93	78.861183
0.94	64.405569
0.95	51.809925
0.96	41.165004
0.97	32.535696
0.98	25.963821
0.99	21.479989
1.00	19.104215
