0.00	0.000000
0.01	1.363786
0.02	5.366543
0.03	11.976123
0.04	21.131659
0.05	32.755147
0.06	46.747136
0.07	62.991856
0.08	81.354236
0.09	101.686984
0.10	123.831163
0.11	147.626198
0.12	172.905452
0.13	199.501603
0.14	227.254286
0.15	256.004500
0.16	285.584380
0.17	315.825351
0.18	346.551066
0.19	377.572130
0.20	408.694798
0.21	439.737254
0.22	470.524855
0.23	500.896990
0.24	530.701920
0.25	559.802853
0.26	588.093025
0.27	615.479824
0.28	641.882000
0.29	667.229349
0.30	691.461737
0.31	714.527403
0.32	736.387636
0.33	757.014493
0.34	776.388545
0.35	794.497921
0.36	811.337405
0.37	826.908020
0.38	841.216293
0.39	854.273163
0.40	866.093595
0.41	876.694988
0.42	886.096223
0.43	894.317652
0.44	901.379743
0.45	907.302332
0.46	912.103581
0.47	915.799618
0.48	918.404349
0.49	919.929668
0.50	920.384197
0.51	919.772953
0.52	918.097428
0.53	915.355376
0.54	911.540977
0.55	906.645907
0.56	900.658912
0.57	893.566310
0.58	885.352752
0.59	876.001634
0.60	865.495800
0.61	853.818513
0.62	840.954712
0.63	826.891521
0.64	811.619577
0.65	795.132586
0.66	777.427858
0.67	758.508977
0.68	738.386979
0.69	717.079900
0.70	694.615721
0.71	671.028763
0.72	646.363370
0.73	620.674764
0.74	594.027498
0.75	566.495581
0.76	538.164448
0.77	509.133186
0.78	479.513415
0.79	449.433504
0.80	419.032225
0.81	388.463488
0.82	357.892899
0.83	327.506037
0.84	297.497811
0.85	268.075870
0.86	239.444289
0.87	211.793251
0.88	185.300599
0.89	160.138771
0.90	136.472008
0.91	114.447262
0.92	94.215394
0.93	75.926503
0.94	59.720835
0.95	45.731228
0.96	34.077940
0.97	24.861405
0.98	18.161546
0.99	14.037072
1.00	12.523858
