0.00	0.000000
0.01	1.360489
0.02	5.351715
0.03	11.937948
0.04	21.056939
0.05	32.624702
0.06	46.543988
0.07	62.704141
0.08	80.983079
0.09	101.246823
0.10	123.351074
0.11	147.142903
0.12	172.462121
0.13	199.144607
0.14	227.018643
0.15	255.907936
0.16	285.635581
0.17	315.997653
0.18	346.773443
0.19	377.742065
0.20	408.705620
0.21	439.497822
0.22	469.974450
0.23	500.002546
0.24	529.464570
0.25	558.252462
0.26	586.269318
0.27	613.428442
0.28	639.653328
0.29	664.879118
0.30	689.050146
0.31	712.120526
0.32	734.053135
0.33	754.819885
0.34	774.399404
0.35	792.777543
0.36	809.946903
0.37	825.905231
0.38	840.654806
0.39	854.200977
0.40	866.552331
0.41	877.719528
0.42	887.714578
0.43	896.550239
0.44	904.238681
0.45	910.790758
0.46	916.216386
0.47	920.523135
0.48	923.716967
0.49	925.801156
0.50	926.776144
0.51	926.639614
0.52	925.386607
0.53	923.009198
0.54	919.497198
0.55	914.838320
0.56	909.018472
0.57	902.022578
0.58	893.835108
0.59	884.441317
0.60	873.825989
0.61	861.974989
0.62	848.876599
0.63	834.521945
0.64	818.906084
0.65	802.028454
0.66	783.892768
0.67	764.509131
0.68	743.895321
0.69	722.075499
0.70	699.081419
0.71	674.953878
0.72	649.742259
0.73	623.505213
0.74	596.313112
0.75	568.246532
0.76	539.398094
0.77	509.871972
0.78	479.791014
0.79	449.292061
0.80	418.529437
0.81	387.670863
0.82	356.895833
0.83	326.385693
0.84	296.335142
0.85	266.939102
0.86	238.362640
0.87	210.778151
0.88	184.368162
0.89	159.305530
0.90	135.754161
0.91	113.872033
0.92	93.811767
0.93	75.716499
0.94	59.719413
0.95	45.942314
0.96	34.494752
0.97	25.469974
0.98	18.953379
0.99	15.005362
1.00	13.659124
