0.00	0.000000
0.01	1.146799
0.02	4.509566
0.03	10.068245
0.04	17.785938
0.05	27.612508
0.06	39.476683
0.07	53.300273
0.08	68.969000
0.09	86.353955
0.10	105.322888
0.11	125.725988
0.12	147.403394
0.13	170.204435
0.14	193.979441
0.15	218.575988
0.16	243.845319
0.17	269.644007
0.18	295.833088
0.19	322.288293
0.20	348.880197
0.21	375.486235
0.22	401.982990
0.23	428.240284
0.24	454.148311
0.25	479.615558
0.26	504.563379
0.27	528.917655
0.28	552.604873
0.29	575.559721
0.30	597.720056
0.31	619.026784
0.32	639.425735
0.33	658.875063
0.34	677.340077
0.35	694.795783
0.36	711.225482
0.37	726.616125
0.38	740.956830
0.39	754.238925
0.40	766.455690
0.41	777.601918
0.42	787.672351
0.43	796.664320
0.44	804.576061
0.45	811.405502
0.46	817.151431
0.47	821.811546
0.48	825.384969
0.49	827.870532
0.50	829.267640
0.51	829.576169
0.52	828.795274
0.53	826.922839
0.54	823.956610
0.55	819.895887
0.56	814.739075
0.57	808.482708
0.58	801.125036
0.59	792.663443
0.60	783.096434
0.61	772.424084
0.62	760.649186
0.63	747.774881
0.64	733.804325
0.65	718.750627
0.66	702.628637
0.67	685.458483
0.68	667.263164
0.69	648.069635
0.70	627.911643
0.71	606.825797
0.72	584.866061
0.73	562.088636
0.74	538.553605
0.75	514.333490
0.76	489.515006
0.77	464.193393
0.78	438.469815
0.79	412.447815
0.80	386.232959
0.81	359.943279
0.82	333.723952
0.83	307.712788
0.84	282.047775
0.85	256.865854
0.86	232.307147
0.87	208.522871
0.88	185.680205
0.89	163.925555
0.90	143.412715
0.91	124.268250
0.92	106.616529
0.93	90.579207
0.94	76.274332
0.95	63.827394
0.96	53.337969
0.97	44.885035
0.98	38.523609
0.99	34.292953
1.00	32.223014
