0.00	0.000000
0.01	1.313743
0.02	5.165699
0.03	11.520474
0.04	20.318955
0.05	31.482730
0.06	44.915500
0.07	60.502894
0.08	78.118556
0.09	97.626260
0.10	118.878756
0.11	141.721911
0.12	165.996533
0.13	191.532466
0.14	218.151107
0.15	245.667385
0.16	273.884010
0.17	302.601248
0.18	331.635214
0.19	360.804358
0.20	389.957544
0.21	418.956426
0.22	447.664642
0.23	475.956089
0.24	503.723976
0.25	530.871967
0.26	557.310985
0.27	582.963589
0.28	607.766008
0.29	631.661604
0.30	654.601930
0.31	676.545606
0.32	697.457735
0.33	717.309694
0.34	736.078300
0.35	753.746774
0.36	770.303029
0.37	785.738851
0.38	800.049360
0.39	813.231936
0.40	825.286845
0.41	836.216480
0.42	846.024917
0.43	854.716225
0.44	862.295165
0.45	868.766684
0.46	874.135772
0.47	878.405863
0.48	881.580389
0.49	883.662052
0.50	884.650985
0.51	884.544662
0.52	883.340620
0.53	881.034956
0.54	877.621349
0.55	873.090445
0.56	867.432551
0.57	860.639456
0.58	852.702926
0.59	843.616197
0.60	833.371965
0.61	821.965414
0.62	809.393766
0.63	795.657125
0.64	780.758275
0.65	764.702520
0.66	747.499107
0.67	729.163641
0.68	709.716164
0.69	689.182599
0.70	667.595002
0.71	644.992572
0.72	621.422170
0.73	596.938444
0.74	571.604338
0.75	545.491800
0.76	518.683826
0.77	491.270982
0.78	463.352141
0.79	435.032610
0.80	406.431576
0.81	377.679682
0.82	348.925249
0.83	320.345198
0.84	292.130887
0.85	264.458940
0.86	237.513409
0.87	211.471384
0.88	186.508045
0.89	162.805845
0.90	140.535544
0.91	119.855502
0.92	100.918794
0.93	83.870390
0.94	68.840515
0.95	55.948751
0.96	45.299447
0.97	36.981495
0.98	31.065727
0.99	27.603440
1.00	26.625472
