0.00	0.000000
0.01	1.124453
0.02	4.414687
0.03	9.850880
0.04	17.396221
0.05	26.987645
0.06	38.554902
0.07	52.013579
0.08	67.230156
0.09	84.069161
0.10	102.403933
0.11	122.112047
0.12	143.069362
0.13	165.138724
0.14	188.157458
0.15	211.983149
0.16	236.472965
0.17	261.475932
0.18	286.849245
0.19	312.464727
0.20	338.208949
0.21	363.967928
0.22	389.630134
0.23	415.066065
0.24	440.169137
0.25	464.848554
0.26	489.014147
0.27	512.580738
0.28	535.472791
0.29	557.616767
0.30	578.940633
0.31	599.392037
0.32	618.931975
0.33	637.528924
0.34	655.156027
0.35	671.793312
0.36	687.423510
0.37	702.029014
0.38	715.595057
0.39	728.110516
0.40	739.566615
0.41	749.955760
0.42	759.269992
0.43	767.503337
0.44	774.651425
0.45	780.709450
0.46	785.673995
0.47	789.542468
0.48	792.313421
0.49	793.988520
0.50	794.572870
0.51	794.069490
0.52	792.479590
0.53	789.806030
0.54	786.052975
0.55	781.225635
0.56	775.329328
0.57	768.370186
0.58	760.354845
0.59	751.290874
0.60	741.186391
0.61	730.052294
0.62	717.898622
0.63	704.737240
0.64	690.580884
0.65	675.443976
0.66	659.343487
0.67	642.300113
0.68	624.338493
0.69	605.482992
0.70	585.763966
0.71	565.219711
0.72	543.898853
0.73	521.857235
0.74	499.158106
0.75	475.869856
0.76	452.069666
0.77	427.842557
0.78	403.270505
0.79	378.438627
0.80	353.446744
0.81	328.405131
0.82	303.435942
0.83	278.667265
0.84	254.244586
0.85	230.312249
0.86	207.025990
0.87	184.537165
0.88	162.980559
0.89	142.482552
0.90	123.166943
0.91	105.156208
0.92	88.599546
0.93	73.644112
0.94	60.398555
0.95	48.967749
0.96	39.443014
0.97	31.899980
0.98	26.397940
0.99	22.976556
1.00	21.661685
