0.00	0.000000
0.01	1.301049
0.02	5.116651
0.03	11.422115
0.04	20.168991
0.05	31.292542
0.06	44.708572
0.07	60.309204
0.08	77.973950
0.09	97.567524
0.10	118.940760
0.11	141.934641
0.12	166.378474
0.13	192.087109
0.14	218.878774
0.15	246.574650
0.16	274.991362
0.17	303.952720
0.18	333.293396
0.19	362.855205
0.20	392.481539
0.21	422.023063
0.22	451.338227
0.23	480.285973
0.24	508.742843
0.25	536.594272
0.26	563.734987
0.27	590.065182
0.28	615.508385
0.29	639.998653
0.30	663.481228
0.31	685.912793
0.32	707.257683
0.33	727.486237
0.34	746.575296
0.35	764.508074
0.36	781.272602
0.37	796.862347
0.38	811.275746
0.39	824.515389
0.40	836.586566
0.41	847.496290
0.42	857.252954
0.43	865.865482
0.44	873.343621
0.45	879.696948
0.46	884.934472
0.47	889.064310
0.48	892.093403
0.49	894.026979
0.50	894.868239
0.51	894.618098
0.52	893.274836
0.53	890.835050
0.54	887.293322
0.55	882.643205
0.56	876.876333
0.57	869.983837
0.58	861.955002
0.59	852.779721
0.60	842.449370
0.61	830.956145
0.62	818.293889
0.63	804.459103
0.64	789.452868
0.65	773.279193
0.66	755.945653
0.67	737.465234
0.68	717.856254
0.69	697.143417
0.70	675.359232
0.71	652.543212
0.72	628.741947
0.73	604.009964
0.74	578.409555
0.75	552.012135
0.76	524.900922
0.77	497.171580
0.78	468.936192
0.79	440.328825
0.80	411.507634
0.81	382.618390
0.82	353.804992
0.83	325.224234
0.84	297.033851
0.85	269.390343
0.86	242.449178
0.87	216.370417
0.88	191.323247
0.89	167.480282
0.90	145.008527
0.91	124.074048
0.92	104.846595
0.93	87.487527
0.94	72.136000
0.95	58.918024
0.96	47.939537
0.97	39.286627
0.98	33.024311
0.99	29.199360
1.00	27.838058
