0.00	0.000000
0.01	1.286125
0.02	5.052816
0.03	11.263102
0.04	19.855917
0.05	30.748898
0.06	43.842838
0.07	59.022577
0.08	76.160854
0.09	95.115807
0.10	115.745131
0.11	137.882701
0.12	161.363000
0.13	186.015639
0.14	211.677124
0.15	238.186323
0.16	265.385701
0.17	293.121340
0.18	321.243630
0.19	349.602259
0.20	378.050189
0.21	406.445171
0.22	434.652211
0.23	462.547643
0.24	490.017624
0.25	516.951489
0.26	543.252055
0.27	568.837608
0.28	593.635117
0.29	617.580099
0.30	640.621724
0.31	662.717602
0.32	683.829833
0.33	703.927503
0.34	722.984061
0.35	740.978059
0.36	757.893608
0.37	773.719496
0.38	788.446181
0.39	802.069133
0.40	814.581938
0.41	825.977791
0.42	836.253574
0.43	845.406586
0.44	853.435820
0.45	860.340752
0.46	866.122638
0.47	870.782674
0.48	874.320274
0.49	876.735325
0.50	878.027154
0.51	878.192989
0.52	877.232541
0.53	875.145146
0.54	871.930499
0.55	867.588510
0.56	862.118110
0.57	855.519098
0.58	847.792067
0.59	838.936601
0.60	828.953739
0.61	817.845957
0.62	805.617626
0.63	792.275534
0.64	777.829994
0.65	762.294036
0.66	745.682142
0.67	728.013077
0.68	709.310047
0.69	689.599992
0.70	668.915415
0.71	647.298749
0.72	624.802233
0.73	601.483746
0.74	577.412959
0.75	552.664816
0.76	527.322045
0.77	501.473783
0.78	475.219058
0.79	448.672810
0.80	421.954110
0.81	395.187609
0.82	368.503060
0.83	342.025233
0.84	315.889982
0.85	290.246148
0.86	265.233766
0.87	240.988815
0.88	217.657164
0.89	195.390815
0.90	174.349182
0.91	154.685232
0.92	136.542381
0.93	120.060909
0.94	105.366847
0.95	92.577839
0.96	81.793567
0.97	73.099363
0.98	66.566383
0.99	62.249338
1.00	60.168709
