0.00	0.000000
0.01	1.113394
0.02	4.376430
0.03	9.775590
0.04	17.283312
0.05	26.838760
0.06	38.365516
0.07	51.789196
0.08	67.006893
0.09	83.894205
0.10	102.329095
0.11	122.167530
0.12	143.269070
0.13	165.500956
0.14	188.725969
0.15	212.806897
0.16	237.610566
0.17	262.998970
0.18	288.824686
0.19	314.927774
0.20	341.149828
0.21	367.374522
0.22	393.486765
0.23	419.374824
0.24	444.945746
0.25	470.099721
0.26	494.747414
0.27	518.806331
0.28	542.196070
0.29	564.839229
0.30	586.660682
0.31	607.595679
0.32	627.598900
0.33	646.633472
0.34	664.665722
0.35	681.667412
0.36	697.615150
0.37	712.495661
0.38	726.306180
0.39	739.044478
0.40	750.710954
0.41	761.306365
0.42	770.831133
0.43	779.288233
0.44	786.681491
0.45	793.012985
0.46	798.283360
0.47	802.491530
0.48	805.638113
0.49	807.724699
0.50	808.751984
0.51	808.719449
0.52	807.625031
0.53	805.468676
0.54	802.252444
0.55	797.975882
0.56	792.636365
0.57	786.231878
0.58	778.760877
0.59	770.222073
0.60	760.612548
0.61	749.929129
0.62	738.170135
0.63	725.334880
0.64	711.424784
0.65	696.443148
0.66	680.394825
0.67	663.287664
0.68	645.134269
0.69	625.957772
0.70	605.792186
0.71	584.694980
0.72	562.742096
0.73	540.012292
0.74	516.581040
0.75	492.526613
0.76	467.940019
0.77	442.917821
0.78	417.565055
0.79	391.989722
0.80	366.294655
0.81	340.603090
0.82	315.047129
0.83	289.755251
0.84	264.866509
0.85	240.522660
0.86	216.855553
0.87	193.995183
0.88	172.079352
0.89	151.254126
0.90	131.652697
0.91	113.398577
0.92	96.616007
0.93	81.427222
0.94	67.937136
0.95	56.237423
0.96	46.407680
0.97	38.525349
0.98	32.640753
0.99	28.765829
1.00	26.895655
