0.00	0.000000
0.01	1.373701
0.02	5.401266
0.03	12.034561
0.04	21.209941
0.05	32.848664
0.06	46.854009
0.07	63.114862
0.08	81.502102
0.09	101.875871
0.10	124.084942
0.11	147.966745
0.12	173.354490
0.13	200.079058
0.14	227.970755
0.15	256.859584
0.16	286.567142
0.17	316.897266
0.18	347.639719
0.19	378.587138
0.20	409.550515
0.21	440.344852
0.22	470.812338
0.23	500.821636
0.24	530.251912
0.25	558.992098
0.26	586.947778
0.27	614.034980
0.28	640.178713
0.29	665.314592
0.30	689.390281
0.31	712.362315
0.32	734.195370
0.33	754.862115
0.34	774.343928
0.35	792.629286
0.36	809.712598
0.37	825.593422
0.38	840.275529
0.39	853.765205
0.40	866.071189
0.41	877.204962
0.42	887.178925
0.43	896.006355
0.44	903.700263
0.45	910.272379
0.46	915.732704
0.47	920.089031
0.48	923.346507
0.49	925.507069
0.50	926.569920
0.51	926.531269
0.52	925.384330
0.53	923.119556
0.54	919.724436
0.55	915.184260
0.56	909.482409
0.57	902.600960
0.58	894.521266
0.59	885.224791
0.60	874.693787
0.61	862.912057
0.62	849.865555
0.63	835.543323
0.64	819.938456
0.65	803.049084
0.66	784.879275
0.67	765.438757
0.68	744.745006
0.69	722.823479
0.70	699.706708
0.71	675.436138
0.72	650.062459
0.73	623.645732
0.74	596.256707
0.75	567.979149
0.76	538.911453
0.77	509.163741
0.78	478.865722
0.79	448.159461
0.80	417.203186
0.81	386.163959
0.82	355.221403
0.83	324.553518
0.84	294.357765
0.85	264.830689
0.86	236.145527
0.87	208.465748
0.88	181.960299
0.89	156.801909
0.90	133.157885
0.91	111.189793
0.92	91.051836
0.93	72.892709
0.94	56.850815
0.95	43.057022
0.96	31.622009
0.97	22.644815
0.98	16.196731
0.99	12.334492
1.00	11.095145
