0.00	0.000000
0.01	1.166125
0.02	4.580837
0.03	10.223923
0.04	18.058542
0.05	28.015917
0.06	40.009257
0.07	53.939801
0.08	69.693179
0.09	87.143538
0.10	106.149657
0.11	126.549764
0.12	148.169677
0.13	170.854042
0.14	194.460254
0.15	218.843049
0.16	243.866890
0.17	269.399870
0.18	295.323862
0.19	321.511505
0.20	347.822513
0.21	374.124787
0.22	400.290536
0.23	426.211777
0.24	451.794223
0.25	476.954370
0.26	501.607241
0.27	525.674386
0.28	549.082571
0.29	571.767291
0.30	593.664389
0.31	614.715975
0.32	634.874778
0.33	654.097308
0.34	672.345740
0.35	689.585503
0.36	705.791122
0.37	720.938612
0.38	735.003413
0.39	747.963632
0.40	759.800839
0.41	770.500944
0.42	780.051218
0.43	788.439962
0.44	795.660528
0.45	801.710213
0.46	806.587288
0.47	810.289325
0.48	812.816028
0.49	814.171648
0.50	814.361897
0.51	813.392515
0.52	811.270191
0.53	808.003609
0.54	803.602760
0.55	798.077772
0.56	791.440298
0.57	783.703045
0.58	774.878366
0.59	764.982570
0.60	754.033504
0.61	742.048612
0.62	729.046532
0.63	715.047899
0.64	700.070990
0.65	684.136910
0.66	667.269372
0.67	649.495237
0.68	630.842809
0.69	611.343294
0.70	591.031978
0.71	569.947475
0.72	548.131630
0.73	525.636928
0.74	502.521185
0.75	478.849981
0.76	454.692270
0.77	430.124101
0.78	405.234528
0.79	380.131428
0.80	354.917261
0.81	329.700295
0.82	304.586194
0.83	279.688656
0.84	255.137613
0.85	231.068514
0.86	207.631590
0.87	184.967577
0.88	163.223758
0.89	142.543713
0.90	123.082739
0.91	104.984481
0.92	88.384241
0.93	73.419342
0.94	60.216301
0.95	48.896818
0.96	39.537848
0.97	32.199516
0.98	26.929317
0.99	23.759700
1.00	22.707429
