0.00	0.000000
0.01	1.222001
0.02	4.800050
0.03	10.703053
0.04	18.879440
0.05	29.258268
0.06	41.750733
0.07	56.251816
0.08	72.642342
0.09	90.796657
0.10	110.579562
0.11	131.834431
0.12	154.397385
0.13	178.104325
0.14	202.791983
0.15	228.294380
0.16	254.452736
0.17	281.119972
0.18	308.129958
0.19	335.319604
0.20	362.544613
0.21	389.677397
0.22	416.598083
0.23	443.194476
0.24	469.364476
0.25	495.012601
0.26	520.060515
0.27	544.445317
0.28	568.107943
0.29	590.994433
0.30	613.058530
0.31	634.258821
0.32	654.556250
0.33	673.917789
0.34	692.317099
0.35	709.730686
0.36	726.136368
0.37	741.515107
0.38	755.849614
0.39	769.125202
0.40	781.328897
0.41	792.449822
0.42	802.477627
0.43	811.403083
0.44	819.219701
0.45	825.923096
0.46	831.509153
0.47	835.975590
0.48	839.319486
0.49	841.538725
0.50	842.632490
0.51	842.598699
0.52	841.436846
0.53	839.146674
0.54	835.727820
0.55	831.182181
0.56	825.511490
0.57	818.718268
0.58	810.804914
0.59	801.774983
0.60	791.632889
0.61	780.382530
0.62	768.030774
0.63	754.588125
0.64	740.068728
0.65	724.487795
0.66	707.862826
0.67	690.215421
0.68	671.571299
0.69	651.959433
0.70	631.411070
0.71	609.962399
0.72	587.660535
0.73	564.558292
0.74	540.716623
0.75	516.203116
0.76	491.090115
0.77	465.455808
0.78	439.390619
0.79	412.994546
0.80	386.368784
0.81	359.636750
0.82	332.924958
0.83	306.369205
0.84	280.107203
0.85	254.306379
0.86	229.149616
0.87	204.821011
0.88	181.496541
0.89	159.354150
0.90	138.562240
0.91	119.263100
0.92	101.588990
0.93	85.661349
0.94	71.585655
0.95	59.462007
0.96	49.382452
0.97	41.428003
0.98	35.665856
0.99	32.146990
1.00	30.904273
