0.00	0.000000
0.01	1.346613
0.02	5.294270
0.03	11.801540
0.04	20.807428
0.05	32.230477
0.06	45.973303
0.07	61.928035
0.08	79.972301
0.09	99.970322
0.10	121.774713
0.11	145.228143
0.12	170.166273
0.13	196.425441
0.14	223.828131
0.15	252.193570
0.16	281.331157
0.17	311.053988
0.18	341.174749
0.19	371.513787
0.20	401.885797
0.21	432.105715
0.22	462.023313
0.23	491.511867
0.24	520.455110
0.25	548.745066
0.26	576.285161
0.27	602.991767
0.28	628.791584
0.29	653.621624
0.30	677.428268
0.31	700.166905
0.32	721.803772
0.33	742.312440
0.34	761.673898
0.35	779.874895
0.36	796.907535
0.37	812.770009
0.38	827.464216
0.39	840.994950
0.40	853.370460
0.41	864.600698
0.42	874.696498
0.43	883.668715
0.44	891.527537
0.45	898.281967
0.46	903.939244
0.47	908.504995
0.48	911.982727
0.49	914.373172
0.50	915.674274
0.51	915.880922
0.52	914.985511
0.53	912.977953
0.54	909.845942
0.55	905.575767
0.56	900.152258
0.57	893.558815
0.58	885.777960
0.59	876.792280
0.60	866.585043
0.61	855.141588
0.62	842.449845
0.63	828.501556
0.64	813.292239
0.65	796.820950
0.66	779.091471
0.67	760.114078
0.68	739.906670
0.69	718.494199
0.70	695.909767
0.71	672.195720
0.72	647.405278
0.73	621.601577
0.74	594.855863
0.75	567.252067
0.76	538.885244
0.77	509.858370
0.78	480.290002
0.79	450.309279
0.80	420.058460
0.81	389.689178
0.82	359.367972
0.83	329.284202
0.84	299.637938
0.85	270.614510
0.86	242.380354
0.87	215.112933
0.88	188.985990
0.89	164.170540
0.90	140.831586
0.91	119.130541
0.92	99.222444
0.93	81.255632
0.94	65.366791
0.95	51.682644
0.96	40.316934
0.97	31.363463
0.98	24.898159
0.99	20.975065
1.00	19.624481
