0.00	0.000000
0.01	1.342456
0.02	5.281398
0.03	11.787740
0.04	20.807029
0.05	32.269980
0.06	46.083530
0.07	62.138818
0.08	80.309983
0.09	100.456665
0.10	122.425454
0.11	146.055205
0.12	171.173969
0.13	197.602137
0.14	225.168698
0.15	253.698291
0.16	283.008859
0.17	312.928460
0.18	343.291374
0.19	373.930119
0.20	404.662186
0.21	435.309213
0.22	465.708695
0.23	495.715270
0.24	525.194235
0.25	554.029317
0.26	582.112611
0.27	609.343063
0.28	635.638686
0.29	660.930696
0.30	685.159690
0.31	708.275296
0.32	730.235016
0.33	751.004546
0.34	770.557560
0.35	788.874964
0.36	805.943872
0.37	821.757789
0.38	836.315053
0.39	849.617723
0.40	861.672275
0.41	872.488155
0.42	882.077045
0.43	890.452821
0.44	897.630297
0.45	903.624318
0.46	908.449828
0.47	912.121071
0.48	914.650947
0.49	916.050545
0.50	916.328892
0.51	915.492760
0.52	913.546562
0.53	910.491454
0.54	906.326369
0.55	901.049101
0.56	894.654940
0.57	887.137636
0.58	878.490368
0.59	868.705807
0.60	857.775877
0.61	845.692993
0.62	832.449990
0.63	818.041127
0.64	802.464339
0.65	785.721014
0.66	767.815793
0.67	748.757831
0.68	728.561798
0.69	707.247402
0.70	684.841265
0.71	661.377974
0.72	636.900326
0.73	611.459880
0.74	585.118048
0.75	557.946914
0.76	530.027084
0.77	501.451253
0.78	472.321761
0.79	442.752045
0.80	412.874257
0.81	382.843468
0.82	352.813239
0.83	322.953681
0.84	293.449421
0.85	264.496505
0.86	236.301165
0.87	209.053904
0.88	182.936044
0.89	158.122449
0.90	134.774625
0.91	113.053970
0.92	93.127554
0.93	75.142231
0.94	59.224803
0.95	45.493269
0.96	34.054342
0.97	24.998618
0.98	18.400649
0.99	14.316458
1.00	12.781118
