0.00	0.000000
0.01	1.145731
0.02	4.501280
0.03	10.049717
0.04	17.760530
0.05	27.584202
0.06	39.440552
0.07	53.235994
0.08	68.867649
0.09	86.216068
0.10	105.140987
0.11	125.486981
0.12	147.096043
0.13	169.814723
0.14	193.492184
0.15	217.984179
0.16	243.143811
0.17	268.824227
0.18	294.871893
0.19	321.157256
0.20	347.549400
0.21	373.926010
0.22	400.168747
0.23	426.164707
0.24	451.800015
0.25	476.979185
0.26	501.621435
0.27	525.645713
0.28	548.981731
0.29	571.561508
0.30	593.323278
0.31	614.213550
0.32	634.184911
0.33	653.195229
0.34	671.205535
0.35	688.185805
0.36	704.112416
0.37	718.967715
0.38	732.738956
0.39	745.416404
0.40	756.995392
0.41	767.472420
0.42	776.844891
0.43	785.110842
0.44	792.269518
0.45	798.323886
0.46	803.276102
0.47	807.129917
0.48	809.888596
0.49	811.555603
0.50	812.135422
0.51	811.632588
0.52	810.053954
0.53	807.403640
0.54	803.683161
0.55	798.895289
0.56	793.044181
0.57	786.133661
0.58	778.167633
0.59	769.150137
0.60	759.087535
0.61	747.985353
0.62	735.850460
0.63	722.692013
0.64	708.519249
0.65	693.342925
0.66	677.175179
0.67	660.030288
0.68	641.930694
0.69	622.908286
0.70	603.002372
0.71	582.252300
0.72	560.699110
0.73	538.388537
0.74	515.369997
0.75	491.714454
0.76	467.498466
0.77	442.800948
0.78	417.719788
0.79	392.370503
0.80	366.875191
0.81	341.361877
0.82	315.959139
0.83	290.787813
0.84	265.979428
0.85	241.684518
0.86	218.049047
0.87	195.219043
0.88	173.347155
0.89	152.566924
0.90	133.012738
0.91	114.824790
0.92	98.151341
0.93	83.111692
0.94	69.810081
0.95	58.350960
0.96	48.827662
0.97	41.302904
0.98	35.822141
0.99	32.426293
1.00	31.134132
