0.00	0.000000
0.01	1.339552
0.02	5.267132
0.03	11.741910
0.04	20.699261
0.05	32.055953
0.06	45.713799
0.07	61.564241
0.08	79.487275
0.09	99.353152
0.10	121.023919
0.11	144.355036
0.12	169.197296
0.13	195.397199
0.14	222.780263
0.15	251.152129
0.16	280.331928
0.17	310.125676
0.18	340.320632
0.19	370.709324
0.20	401.100293
0.21	431.325980
0.22	461.241970
0.23	490.723632
0.24	519.657832
0.25	547.941755
0.26	575.481750
0.27	602.194291
0.28	628.006922
0.29	652.856441
0.30	676.690635
0.31	699.465543
0.32	721.144499
0.33	741.699427
0.34	761.108817
0.35	779.356691
0.36	796.432518
0.37	812.329795
0.38	827.046605
0.39	840.585701
0.40	852.952264
0.41	864.152653
0.42	874.195015
0.43	883.088282
0.44	890.841001
0.45	897.461486
0.46	902.957212
0.47	907.333476
0.48	910.593150
0.49	912.737915
0.50	913.767573
0.51	913.679484
0.52	912.468473
0.53	910.126697
0.54	906.644400
0.55	902.010248
0.56	896.212121
0.57	889.237648
0.58	881.074290
0.59	871.708820
0.60	861.128527
0.61	849.322177
0.62	836.281597
0.63	822.001839
0.64	806.481418
0.65	789.722657
0.66	771.732660
0.67	752.524227
0.68	732.116074
0.69	710.534440
0.70	687.813527
0.71	663.995605
0.72	639.130352
0.73	613.276623
0.74	586.503689
0.75	558.890027
0.76	530.523695
0.77	501.503424
0.78	471.937178
0.79	441.947463
0.80	411.675164
0.81	381.281694
0.82	350.941664
0.83	320.845012
0.84	291.184782
0.85	262.149857
0.86	233.923332
0.87	206.681922
0.88	180.598822
0.89	155.844408
0.90	132.585775
0.91	110.982442
0.92	91.184407
0.93	73.332631
0.94	57.557780
0.95	43.980256
0.96	32.708369
0.97	23.834264
0.98	17.437081
0.99	13.575103
1.00	12.283067
