0.00	0.000000
0.01	1.309291
0.02	5.150061
0.03	11.494490
0.04	20.286235
0.05	31.454465
0.06	44.909218
0.07	60.543000
0.08	78.230541
0.09	97.827443
0.10	119.180915
0.11	142.131555
0.12	166.510800
0.13	192.140802
0.14	218.841633
0.15	246.426843
0.16	274.715326
0.17	303.530121
0.18	332.705366
0.19	362.076942
0.20	391.478367
0.21	420.765203
0.22	449.806402
0.23	478.470230
0.24	506.630393
0.25	534.181453
0.26	561.029914
0.27	587.093110
0.28	612.299926
0.29	636.590757
0.30	659.913850
0.31	682.224660
0.32	703.484861
0.33	723.661565
0.34	742.729265
0.35	760.669330
0.36	777.468183
0.37	793.115157
0.38	807.603472
0.39	820.930268
0.40	833.096153
0.41	844.103963
0.42	853.958111
0.43	862.662546
0.44	870.223738
0.45	876.648792
0.46	881.943436
0.47	886.112918
0.48	889.160755
0.49	891.089437
0.50	891.900846
0.51	891.596308
0.52	890.175175
0.53	887.634523
0.54	883.970174
0.55	879.177903
0.56	873.252554
0.57	866.189490
0.58	857.983808
0.59	848.629776
0.60	838.122435
0.61	826.458625
0.62	813.636920
0.63	799.658183
0.64	784.526592
0.65	768.249346
0.66	750.837533
0.67	732.309149
0.68	712.686207
0.69	691.996960
0.70	670.274957
0.71	647.561381
0.72	623.903827
0.73	599.355541
0.74	573.978012
0.75	547.842854
0.76	521.028432
0.77	493.620118
0.78	465.714106
0.79	437.424044
0.80	408.873362
0.81	380.196450
0.82	351.531655
0.83	323.031610
0.84	294.853330
0.85	267.165872
0.86	240.152325
0.87	213.998723
0.88	188.895305
0.89	165.023736
0.90	142.554609
0.91	121.654166
0.92	102.473989
0.93	85.158855
0.94	69.842668
0.95	56.650604
0.96	45.688352
0.97	37.044294
0.98	30.790321
0.99	26.978069
1.00	25.638302
