0.00	0.000000
0.01	1.386004
0.02	5.563672
0.03	12.516599
0.04	22.216717
0.05	34.628531
0.06	49.717494
0.07	67.447212
0.08	87.754460
0.09	110.559378
0.10	135.770715
0.11	163.291667
0.12	193.044245
0.13	224.965274
0.14	258.955593
0.15	294.945757
0.16	332.857877
0.17	372.589224
0.18	414.009060
0.19	456.960971
0.20	501.278515
0.21	546.756395
0.22	593.167150
0.23	640.301011
0.24	687.843217
0.25	735.019695
0.26	780.778667
0.27	824.833155
0.28	867.955563
0.29	912.114140
0.30	957.298426
0.31	1002.718871
0.32	1047.892632
0.33	1091.400019
0.34	1132.202389
0.35	1170.090953
0.36	1205.221917
0.37	1237.857013
0.38	1268.348517
0.39	1296.989331
0.40	1323.991284
0.41	1349.483998
0.42	1373.535329
0.43	1396.103434
0.44	1379.485695
0.45	1395.865638
0.46	1410.942561
0.47	1424.732728
0.48	1437.247181
0.49	1448.499588
0.50	1458.519113
0.51	1467.344175
0.52	1474.997379
0.53	1481.496508
0.54	1486.851450
0.55	1491.062585
0.56	1494.126179
0.57	1496.050300
0.58	1496.863540
0.59	1496.576406
0.60	1495.199755
0.61	1492.733520
0.62	1489.201097
0.63	1484.633292
0.64	1479.060761
0.65	1472.478479
0.66	1464.870323
0.67	1456.239338
0.68	1446.574102
0.69	1435.871775
0.70	1424.140773
0.71	1411.409475
0.72	1397.747116
0.73	1383.239186
0.74	1367.977289
0.75	1352.032478
0.76	1335.503979
0.77	1318.476921
0.78	1301.032769
0.79	1283.254230
0.80	1265.211431
0.81	1246.986910
0.82	1228.695208
0.83	1210.451052
0.84	1192.361058
0.85	1174.533248
0.86	1157.079333
0.87	1140.113310
0.88	1123.752127
0.89	1108.115557
0.90	1093.322913
0.91	1079.500597
0.92	1066.757875
0.93	1055.190712
0.94	1044.899915
0.95	1035.978681
0.96	1028.506891
0.97	1022.556165
0.98	1018.191420
0.99	1015.457985
1.00	1014.400458
