0.00	0.000000
0.01	1.116686
0.02	4.475259
0.03	10.019226
0.04	17.705786
0.05	27.483537
0.06	39.330388
0.07	53.187868
0.08	68.970866
0.09	86.582649
0.10	105.913335
0.11	126.846659
0.12	149.256912
0.13	173.007200
0.14	197.948999
0.15	223.929685
0.16	250.788186
0.17	278.372909
0.18	306.542031
0.19	335.153169
0.20	364.068752
0.21	393.148976
0.22	422.252214
0.23	451.236453
0.24	479.972638
0.25	508.318091
0.26	536.141683
0.27	563.347149
0.28	589.841389
0.29	615.522773
0.30	640.305102
0.31	664.115728
0.32	686.897454
0.33	708.602869
0.34	729.185347
0.35	748.602852
0.36	766.822351
0.37	783.817761
0.38	799.571478
0.39	814.064853
0.40	827.273635
0.41	839.188554
0.42	849.809330
0.43	859.137764
0.44	867.195393
0.45	874.008905
0.46	879.606098
0.47	884.016593
0.48	887.268421
0.49	889.387731
0.50	890.399336
0.51	890.326385
0.52	889.189662
0.53	887.007993
0.54	883.798978
0.55	879.577829
0.56	874.356523
0.57	868.141822
0.58	860.937060
0.59	852.743086
0.60	843.558028
0.61	833.374781
0.62	822.177427
0.63	809.955662
0.64	796.700300
0.65	782.404280
0.66	767.057658
0.67	750.654159
0.68	733.189201
0.69	714.664115
0.70	695.116710
0.71	674.611011
0.72	653.201636
0.73	630.952989
0.74	607.935968
0.75	584.219052
0.76	559.877702
0.77	534.989016
0.78	509.638483
0.79	483.921104
0.80	457.934412
0.81	431.784130
0.82	405.587666
0.83	379.474889
0.84	353.578671
0.85	328.038890
0.86	302.994202
0.87	278.588822
0.88	254.967331
0.89	232.261152
0.90	210.596649
0.91	190.107922
0.92	170.901633
0.93	153.077620
0.94	136.725521
0.95	121.919273
0.96	108.717086
0.97	97.163598
0.98	87.276229
0.99	79.060262
1.00	72.528763
