0.00	0.000000
0.01	1.038218
0.02	4.184208
0.03	9.412571
0.04	16.658486
0.05	25.863430
0.06	36.964825
0.07	49.885711
0.08	64.534388
0.09	80.793813
0.10	98.565767
0.11	117.733118
0.12	138.166913
0.13	159.745513
0.14	182.343474
0.15	205.837513
0.16	230.082858
0.17	254.927032
0.18	280.252459
0.19	305.934592
0.20	331.839244
0.21	357.849274
0.22	383.848981
0.23	409.719140
0.24	435.356050
0.25	460.660675
0.26	485.534505
0.27	509.882952
0.28	533.617815
0.29	556.654033
0.30	578.913129
0.31	600.326175
0.32	620.830459
0.33	640.368642
0.34	658.889228
0.35	676.341991
0.36	692.684237
0.37	707.879613
0.38	721.898242
0.39	734.721110
0.40	746.329547
0.41	756.701500
0.42	765.815002
0.43	773.660327
0.44	780.255553
0.45	785.624583
0.46	789.798777
0.47	792.811146
0.48	794.695152
0.49	795.486191
0.50	795.220305
0.51	793.933237
0.52	791.659771
0.53	788.432206
0.54	784.281662
0.55	779.235486
0.56	773.319993
0.57	766.561019
0.58	758.980556
0.59	750.597650
0.60	741.425734
0.61	731.467459
0.62	720.724120
0.63	709.199526
0.64	696.893953
0.65	683.803769
0.66	669.927923
0.67	655.262804
0.68	639.800510
0.69	623.534511
0.70	606.461332
0.71	588.589168
0.72	569.971065
0.73	550.652012
0.74	530.676357
0.75	510.123361
0.76	489.069319
0.77	467.587939
0.78	445.757729
0.79	423.661405
0.80	401.390287
0.81	379.049191
0.82	356.736868
0.83	334.560073
0.84	312.641302
0.85	291.096507
0.86	270.038738
0.87	249.581096
0.88	229.838505
0.89	210.922852
0.90	192.943106
0.91	176.001060
0.92	160.188464
0.93	145.584268
0.94	132.245662
0.95	120.227470
0.96	109.574342
0.97	100.316753
0.98	92.467870
0.99	86.029857
1.00	80.997781
