0.00	0.000000
0.01	1.135129
0.02	4.519858
0.03	10.058949
0.04	17.714386
0.05	27.438536
0.06	39.182380
0.07	52.886630
0.08	68.471030
0.09	85.829693
0.10	104.851388
0.11	125.416853
0.12	147.402517
0.13	170.665391
0.14	195.065117
0.15	220.460359
0.16	246.702468
0.17	273.633202
0.18	301.106295
0.19	328.983593
0.20	357.130144
0.21	385.413515
0.22	413.708462
0.23	441.875908
0.24	469.774570
0.25	497.284678
0.26	524.290356
0.27	550.688310
0.28	576.374891
0.29	601.263286
0.30	625.289221
0.31	648.393956
0.32	670.518521
0.33	691.609825
0.34	711.618662
0.35	730.502827
0.36	748.222552
0.37	764.750675
0.38	780.066218
0.39	794.149748
0.40	806.980767
0.41	818.538887
0.42	828.815930
0.43	837.808663
0.44	845.535383
0.45	852.022229
0.46	857.298516
0.47	861.394361
0.48	864.338617
0.49	866.161149
0.50	866.890795
0.51	866.555071
0.52	865.178851
0.53	862.786253
0.54	859.399390
0.55	855.037024
0.56	849.715793
0.57	843.447791
0.58	836.242361
0.59	828.104382
0.60	819.033607
0.61	809.025531
0.62	798.071395
0.63	786.167892
0.64	773.305262
0.65	759.474700
0.66	744.672023
0.67	728.891110
0.68	712.124662
0.69	694.373954
0.70	675.671411
0.71	656.073161
0.72	635.633288
0.73	614.409482
0.74	592.459155
0.75	569.840309
0.76	546.621064
0.77	522.876874
0.78	498.689229
0.79	474.145973
0.80	449.342108
0.81	424.382120
0.82	399.383183
0.83	374.465209
0.84	349.750047
0.85	325.368257
0.86	301.449212
0.87	278.136048
0.88	255.572934
0.89	233.882298
0.90	213.173474
0.91	193.547217
0.92	175.100885
0.93	157.926032
0.94	142.089436
0.95	127.656429
0.96	114.686603
0.97	103.214024
0.98	93.279197
0.99	84.910536
1.00	78.112392
