0.00	0.000000
0.01	1.060655
0.02	4.252678
0.03	9.555479
0.04	16.929454
0.05	26.288328
0.06	37.548126
0.07	50.612534
0.08	65.367597
0.09	81.726458
0.10	99.582244
0.11	118.825611
0.12	139.344147
0.13	161.011176
0.14	183.692365
0.15	207.240425
0.16	231.514902
0.17	256.377184
0.18	281.715594
0.19	307.402394
0.20	333.290348
0.21	359.267213
0.22	385.221318
0.23	411.045645
0.24	436.635036
0.25	461.889812
0.26	486.714319
0.27	511.019816
0.28	534.720883
0.29	557.737583
0.30	579.996489
0.31	601.430959
0.32	621.972899
0.33	641.563813
0.34	660.153345
0.35	677.693497
0.36	694.142100
0.37	709.459575
0.38	723.616551
0.39	736.594464
0.40	748.367880
0.41	758.910003
0.42	768.192758
0.43	776.207356
0.44	782.969825
0.45	788.506746
0.46	792.850563
0.47	796.034907
0.48	798.094464
0.49	799.064680
0.50	798.982310
0.51	797.882732
0.52	795.800200
0.53	792.766796
0.54	788.812882
0.55	783.966875
0.56	778.254566
0.57	771.699649
0.58	764.328392
0.59	756.153571
0.60	747.182109
0.61	737.413303
0.62	726.848215
0.63	715.489318
0.64	703.333490
0.65	690.375514
0.66	676.606803
0.67	662.017652
0.68	646.596266
0.69	630.327548
0.70	613.203898
0.71	595.224561
0.72	576.418560
0.73	556.849151
0.74	536.577395
0.75	515.669290
0.76	494.195219
0.77	472.230726
0.78	449.851990
0.79	427.152653
0.80	404.234639
0.81	381.209499
0.82	358.195451
0.83	335.306043
0.84	312.659345
0.85	290.373120
0.86	268.566293
0.87	247.358852
0.88	226.867406
0.89	207.206191
0.90	188.486363
0.91	170.818314
0.92	154.305482
0.93	139.035355
0.94	125.080134
0.95	112.499854
0.96	101.342823
0.97	91.627151
0.98	83.367497
0.99	76.586994
1.00	71.289220
