0.00	0.000000
0.01	1.049416
0.02	4.226497
0.03	9.527362
0.04	16.944393
0.05	26.454718
0.06	37.981783
0.07	51.444987
0.08	66.735840
0.09	83.737593
0.10	102.311745
0.11	122.330974
0.12	143.671538
0.13	166.206785
0.14	189.797538
0.15	214.294558
0.16	239.560017
0.17	265.449052
0.18	291.812141
0.19	318.501180
0.20	345.379898
0.21	372.332064
0.22	399.247293
0.23	426.016207
0.24	452.530228
0.25	478.683891
0.26	504.372782
0.27	529.493564
0.28	553.942211
0.29	577.634494
0.30	600.494839
0.31	622.445919
0.32	643.410126
0.33	663.325874
0.34	682.138081
0.35	699.790391
0.36	716.241829
0.37	731.464269
0.38	745.432078
0.39	758.130245
0.40	769.544296
0.41	779.683868
0.42	788.569579
0.43	796.225385
0.44	802.677697
0.45	807.954338
0.46	812.085070
0.47	815.099758
0.48	817.026189
0.49	817.891364
0.50	817.720868
0.51	816.539245
0.52	814.369513
0.53	811.232451
0.54	807.146044
0.55	802.125681
0.56	796.183190
0.57	789.328842
0.58	781.569148
0.59	772.908242
0.60	763.347860
0.61	752.885530
0.62	741.515592
0.63	729.229426
0.64	716.015587
0.65	701.861434
0.66	686.756320
0.67	670.689786
0.68	653.653298
0.69	635.637903
0.70	616.638705
0.71	596.657409
0.72	575.706115
0.73	553.838041
0.74	531.164757
0.75	507.777525
0.76	483.776060
0.77	459.252614
0.78	434.306940
0.79	409.041171
0.80	383.581835
0.81	358.047407
0.82	332.554658
0.83	307.254278
0.84	282.287543
0.85	257.807046
0.86	233.957515
0.87	210.884640
0.88	188.729566
0.89	167.631928
0.90	147.719865
0.91	129.112678
0.92	111.923099
0.93	96.258450
0.94	82.207859
0.95	69.850146
0.96	59.255227
0.97	50.471953
0.98	43.541331
0.99	38.509384
1.00	35.388025
