0.00	0.000000
0.01	1.121760
0.02	4.504369
0.03	10.090448
0.04	17.798468
0.05	27.560939
0.06	39.315593
0.07	52.991739
0.08	68.513831
0.09	85.779624
0.10	104.670617
0.11	125.057697
0.12	146.823406
0.13	169.843913
0.14	193.983254
0.15	219.099384
0.16	245.049537
0.17	271.688307
0.18	298.862621
0.19	326.435369
0.20	354.261238
0.21	382.197324
0.22	410.114289
0.23	437.875245
0.24	465.337364
0.25	492.373331
0.26	518.882768
0.27	544.793369
0.28	570.014250
0.29	594.463219
0.30	618.064461
0.31	640.750104
0.32	662.456290
0.33	683.124784
0.34	702.705149
0.35	721.155737
0.36	738.444537
0.37	754.546936
0.38	769.442428
0.39	783.110129
0.40	795.531802
0.41	806.686930
0.42	816.566772
0.43	825.166645
0.44	832.493251
0.45	838.572504
0.46	843.435633
0.47	847.114247
0.48	849.639882
0.49	851.044865
0.50	851.360813
0.51	850.618369
0.52	848.847592
0.53	846.077319
0.54	842.333414
0.55	837.638373
0.56	832.010874
0.57	825.466858
0.58	818.020407
0.59	809.680790
0.60	800.452689
0.61	790.327895
0.62	779.305249
0.63	767.386792
0.64	754.564942
0.65	740.831816
0.66	726.179845
0.67	710.602304
0.68	694.096385
0.69	676.660785
0.70	658.305117
0.71	639.081783
0.72	619.035666
0.73	598.224750
0.74	576.709866
0.75	554.549661
0.76	531.812148
0.77	508.571686
0.78	484.904262
0.79	460.897282
0.80	436.648517
0.81	412.263881
0.82	387.847413
0.83	363.518371
0.84	339.407139
0.85	315.635612
0.86	292.328402
0.87	269.615707
0.88	247.633092
0.89	226.502620
0.90	206.335947
0.91	187.240368
0.92	169.313978
0.93	152.645253
0.94	137.308300
0.95	123.358429
0.96	110.842995
0.97	99.802394
0.98	90.257271
0.99	82.229270
1.00	75.742605
