0.00	0.000000
0.01	1.146650
0.02	4.585262
0.03	10.237515
0.04	18.043094
0.05	27.965607
0.06	39.939591
0.07	53.898645
0.08	69.769778
0.09	87.444900
0.10	106.805111
0.11	127.730603
0.12	150.087915
0.13	173.721525
0.14	198.477828
0.15	224.203789
0.16	250.760121
0.17	278.007212
0.18	305.801218
0.19	333.996756
0.20	362.453306
0.21	391.034553
0.22	419.605149
0.23	448.016426
0.24	476.127707
0.25	503.803903
0.26	530.921658
0.27	557.389580
0.28	583.134367
0.29	608.064906
0.30	632.104797
0.31	655.196680
0.32	677.281377
0.33	698.306027
0.34	718.223969
0.35	736.994446
0.36	754.579537
0.37	770.954143
0.38	786.096410
0.39	799.981311
0.40	812.587366
0.41	823.902305
0.42	833.917346
0.43	842.636451
0.44	850.074414
0.45	856.256683
0.46	861.216763
0.47	864.987395
0.48	867.601284
0.49	869.091844
0.50	869.490738
0.51	868.828279
0.52	867.131568
0.53	864.424446
0.54	860.728368
0.55	856.061470
0.56	850.437988
0.57	843.869324
0.58	836.363598
0.59	827.924877
0.60	818.554438
0.61	808.250773
0.62	797.006979
0.63	784.802898
0.64	771.620711
0.65	757.457148
0.66	742.309023
0.67	726.171237
0.68	709.036495
0.69	690.901895
0.70	671.777343
0.71	651.704821
0.72	630.752024
0.73	608.984402
0.74	586.472303
0.75	563.278055
0.76	539.469514
0.77	515.118128
0.78	490.309599
0.79	465.137652
0.80	439.701838
0.81	414.108569
0.82	388.478290
0.83	362.952858
0.84	337.673848
0.85	312.778583
0.86	288.402010
0.87	264.680645
0.88	241.752670
0.89	219.757539
0.90	198.824362
0.91	179.065683
0.92	160.587577
0.93	143.488538
0.94	127.858561
0.95	113.754474
0.96	101.227399
0.97	90.327031
0.98	81.087201
0.99	73.536673
1.00	67.679508
