0.00	0.000000
0.01	1.609942
0.02	6.452359
0.03	14.500980
0.04	25.745057
0.05	40.156901
0.06	57.710780
0.07	78.366646
0.08	102.078501
0.09	128.782014
0.10	158.440634
0.11	191.030706
0.12	226.536953
0.13	264.931107
0.14	306.151589
0.15	350.161220
0.16	396.894102
0.17	446.295312
0.18	498.389087
0.19	553.210948
0.20	610.749240
0.21	671.043724
0.22	734.087921
0.23	799.865686
0.24	868.332789
0.25	939.255296
0.26	1012.260030
0.27	1086.781870
0.28	1162.093503
0.29	1237.376789
0.30	1311.818384
0.31	1384.637683
0.32	1455.100814
0.33	1522.705202
0.34	1587.113888
0.35	1648.123793
0.36	1705.643700
0.37	1759.717216
0.38	1810.449969
0.39	1858.022015
0.40	1902.655093
0.41	1944.594631
0.42	1984.087042
0.43	2021.352883
0.44	2056.551153
0.45	2089.790899
0.46	2121.140335
0.47	2150.639709
0.48	2178.325442
0.49	2204.220942
0.50	2228.333739
0.51	2250.663334
0.52	2271.198983
0.53	2289.930440
0.54	2306.873388
0.55	2322.047297
0.56	2335.476420
0.57	2347.168564
0.58	2357.151091
0.59	2365.436953
0.60	2372.047372
0.61	2377.044158
0.62	2380.496081
0.63	2382.447429
0.64	2382.947835
0.65	2382.046743
0.66	2379.792533
0.67	2376.235921
0.68	2371.434741
0.69	2365.443289
0.70	2358.314163
0.71	2350.102616
0.72	2340.880304
0.73	2330.724918
0.74	2319.697866
0.75	2307.851483
0.76	2295.227599
0.77	2281.858314
0.78	2267.777355
0.79	2253.032312
0.80	2237.697871
0.81	2221.835305
0.82	2205.545047
0.83	2188.886766
0.84	2171.968948
0.85	2154.878574
0.86	2137.706258
0.87	2120.561438
0.88	2103.536003
0.89	2086.732277
0.90	2070.234355
0.91	2054.152608
0.92	2038.592018
0.93	2023.630153
0.94	2009.367838
0.95	1995.910583
0.96	1983.365909
0.97	1971.828848
0.98	1961.394482
0.99	1952.147140
1.00	1944.166458
