0.00	0.000000
0.01	1.056324
0.02	4.245720
0.03	9.546244
0.04	16.924227
0.05	26.325786
0.06	37.690778
0.07	50.913422
0.08	65.909036
0.09	82.578600
0.10	100.807786
0.11	120.460528
0.12	141.407165
0.13	163.514953
0.14	186.637013
0.15	210.631569
0.16	235.360224
0.17	260.685622
0.18	286.471524
0.19	312.586229
0.20	338.889932
0.21	365.248592
0.22	391.561289
0.23	417.724227
0.24	443.629628
0.25	469.163314
0.26	494.220811
0.27	518.710694
0.28	542.548130
0.29	565.639516
0.30	587.905271
0.31	609.280030
0.32	629.709813
0.33	649.138816
0.34	667.506268
0.35	684.765710
0.36	700.884689
0.37	715.841241
0.38	729.610735
0.39	742.174100
0.40	753.528301
0.41	763.673596
0.42	772.613880
0.43	780.362534
0.44	786.940537
0.45	792.371344
0.46	796.680462
0.47	799.892816
0.48	802.031930
0.49	803.120658
0.50	803.181747
0.51	802.236426
0.52	800.303605
0.53	797.400736
0.54	793.543696
0.55	788.745901
0.56	783.019098
0.57	776.373249
0.58	768.816240
0.59	760.354208
0.60	750.991016
0.61	740.728498
0.62	729.564483
0.63	717.493786
0.64	704.510443
0.65	690.605928
0.66	675.770275
0.67	659.993366
0.68	643.266983
0.69	625.585524
0.70	606.947271
0.71	587.364300
0.72	566.880483
0.73	545.560438
0.74	523.462192
0.75	500.646580
0.76	477.201417
0.77	453.226479
0.78	428.818175
0.79	404.074382
0.80	379.107866
0.81	354.054842
0.82	329.044454
0.83	304.215451
0.84	279.709992
0.85	255.666581
0.86	232.223114
0.87	209.517951
0.88	187.687551
0.89	166.869037
0.90	147.195126
0.91	128.790641
0.92	111.772922
0.93	96.250964
0.94	82.327099
0.95	70.093406
0.96	59.612186
0.97	50.935816
0.98	44.105300
0.99	39.155082
1.00	36.100409
