0.00	0.000000
0.01	1.067701
0.02	4.298301
0.03	9.672405
0.04	17.147894
0.05	26.666523
0.06	38.154561
0.07	51.534857
0.08	66.719734
0.09	83.597093
0.10	102.034841
0.11	121.913930
0.12	143.112923
0.13	165.493959
0.14	188.911012
0.15	213.227351
0.16	238.295130
0.17	263.965101
0.18	290.096682
0.19	316.533405
0.20	343.133453
0.21	369.762440
0.22	396.289621
0.23	422.594167
0.24	448.573003
0.25	474.131107
0.26	499.175503
0.27	523.620105
0.28	547.376522
0.29	570.371769
0.30	592.543035
0.31	613.835026
0.32	634.196470
0.33	653.576458
0.34	671.931894
0.35	689.228920
0.36	705.436015
0.37	720.531422
0.38	734.505595
0.39	747.350278
0.40	759.061802
0.41	769.637242
0.42	779.080068
0.43	787.406097
0.44	794.631281
0.45	800.771357
0.46	805.841028
0.47	809.852346
0.48	812.817036
0.49	814.746586
0.50	815.649687
0.51	815.532743
0.52	814.401866
0.53	812.262031
0.54	809.117216
0.55	804.969239
0.56	799.816608
0.57	793.657570
0.58	786.489269
0.59	778.306844
0.60	769.104237
0.61	758.872986
0.62	747.604257
0.63	735.290451
0.64	721.922520
0.65	707.491237
0.66	691.988157
0.67	675.409109
0.68	657.756679
0.69	639.031960
0.70	619.240834
0.71	598.413566
0.72	576.586897
0.73	553.839577
0.74	530.253966
0.75	505.933133
0.76	481.002484
0.77	455.571722
0.78	429.749761
0.79	403.655214
0.80	377.412955
0.81	351.146033
0.82	324.981986
0.83	299.064019
0.84	273.531550
0.85	248.530561
0.86	224.216426
0.87	200.740486
0.88	178.243731
0.89	156.866446
0.90	136.753396
0.91	118.035268
0.92	100.830597
0.93	85.263103
0.94	71.453588
0.95	59.489007
0.96	49.436325
0.97	41.354257
0.98	35.289163
0.99	31.272742
1.00	29.333700
