0.00	0.000000
0.01	1.128218
0.02	4.541881
0.03	10.199253
0.04	18.046393
0.05	28.018358
0.06	40.051711
0.07	54.071875
0.08	69.978237
0.09	87.658312
0.10	106.971075
0.11	127.787144
0.12	149.978407
0.13	173.411467
0.14	197.943020
0.15	223.434240
0.16	249.739716
0.17	276.716227
0.18	304.232301
0.19	332.149363
0.20	360.319171
0.21	388.591160
0.22	416.816642
0.23	444.855279
0.24	472.573030
0.25	499.852704
0.26	526.578982
0.27	552.647355
0.28	577.988140
0.29	602.526450
0.30	626.184716
0.31	648.898072
0.32	670.609535
0.33	691.268681
0.34	710.831064
0.35	729.255913
0.36	746.503943
0.37	762.541171
0.38	777.346727
0.39	790.893459
0.40	803.160797
0.41	814.144337
0.42	823.850827
0.43	832.292126
0.44	839.484881
0.45	845.455874
0.46	850.235040
0.47	853.852496
0.48	856.337116
0.49	857.717494
0.50	858.020558
0.51	857.270910
0.52	855.491327
0.53	852.700380
0.54	848.915547
0.55	844.150184
0.56	838.415451
0.57	831.721264
0.58	824.071880
0.59	815.467463
0.60	805.908137
0.61	795.391942
0.62	783.909979
0.63	771.447987
0.64	758.000977
0.65	743.567245
0.66	728.142152
0.67	711.716556
0.68	694.279885
0.69	675.838288
0.70	656.399787
0.71	636.003881
0.72	614.722940
0.73	592.630829
0.74	569.810058
0.75	546.336269
0.76	522.291342
0.77	497.762584
0.78	472.837975
0.79	447.617277
0.80	422.214905
0.81	396.742720
0.82	371.316776
0.83	346.064427
0.84	321.112899
0.85	296.588123
0.86	272.621733
0.87	249.337846
0.88	226.855929
0.89	205.319419
0.90	184.880031
0.91	165.664618
0.92	147.785034
0.93	131.344293
0.94	116.422175
0.95	103.096141
0.96	91.430585
0.97	81.464188
0.98	73.229560
0.99	66.745239
1.00	62.012483
