0.00	0.000000
0.01	1.084648
0.02	4.353259
0.03	9.780545
0.04	17.314325
0.05	26.878189
0.06	38.398842
0.07	51.799020
0.08	66.987496
0.09	83.867212
0.10	102.321960
0.11	122.213324
0.12	143.413480
0.13	165.787276
0.14	189.193865
0.15	213.478215
0.16	238.496817
0.17	264.114911
0.18	290.189655
0.19	316.596313
0.20	343.208329
0.21	369.891002
0.22	396.511785
0.23	422.954448
0.24	449.127247
0.25	474.938788
0.26	500.295691
0.27	525.109494
0.28	549.300783
0.29	572.793530
0.30	595.509944
0.31	617.378267
0.32	638.334410
0.33	658.326627
0.34	677.305825
0.35	695.229832
0.36	712.059199
0.37	727.759614
0.38	742.292992
0.39	755.625536
0.40	767.743375
0.41	778.643550
0.42	788.316230
0.43	796.771684
0.44	804.025515
0.45	810.095935
0.46	815.001814
0.47	818.762525
0.48	821.397937
0.49	822.927966
0.50	823.370983
0.51	822.744930
0.52	821.068494
0.53	818.359128
0.54	814.631743
0.55	809.900237
0.56	804.176447
0.57	797.470687
0.58	789.790606
0.59	781.141977
0.60	771.530434
0.61	760.958272
0.62	749.424272
0.63	736.925975
0.64	723.460321
0.65	709.028220
0.66	693.630761
0.67	677.266787
0.68	659.933748
0.69	641.634751
0.70	622.382202
0.71	602.212059
0.72	581.174957
0.73	559.334343
0.74	536.783958
0.75	513.598693
0.76	489.861213
0.77	465.660578
0.78	441.088248
0.79	416.236847
0.80	391.218423
0.81	366.151684
0.82	341.154720
0.83	316.348723
0.84	291.873522
0.85	267.863842
0.86	244.460929
0.87	221.802076
0.88	200.018732
0.89	179.238913
0.90	159.588175
0.91	141.199295
0.92	124.195019
0.93	108.678428
0.94	94.744063
0.95	82.484085
0.96	71.964021
0.97	63.230869
0.98	56.324401
0.99	51.270487
1.00	48.076547
