0.00	0.000000
0.01	1.127629
0.02	4.499003
0.03	10.065639
0.04	17.771614
0.05	27.531980
0.06	39.270562
0.07	52.906576
0.08	68.346268
0.09	85.484019
0.10	104.216661
0.11	124.423234
0.12	145.975166
0.13	168.732817
0.14	192.552027
0.15	217.288902
0.16	242.813159
0.17	268.986589
0.18	295.676382
0.19	322.749534
0.20	350.067485
0.21	377.485877
0.22	404.867314
0.23	432.081356
0.24	459.006749
0.25	485.545063
0.26	511.601206
0.27	537.092854
0.28	561.940737
0.29	586.065860
0.30	609.393818
0.31	631.852799
0.32	653.377058
0.33	673.905955
0.34	693.391741
0.35	711.794782
0.36	729.079696
0.37	745.217540
0.38	760.182835
0.39	773.951004
0.40	786.498467
0.41	797.806842
0.42	807.863035
0.43	816.667886
0.44	824.232362
0.45	830.571200
0.46	835.705539
0.47	839.658745
0.48	842.454717
0.49	844.118628
0.50	844.676278
0.51	844.152176
0.52	842.571416
0.53	839.958977
0.54	836.338294
0.55	831.729961
0.56	826.153339
0.57	819.623867
0.58	812.155649
0.59	803.755138
0.60	794.432259
0.61	784.196869
0.62	773.054489
0.63	761.008394
0.64	748.059026
0.65	734.209125
0.66	719.461975
0.67	703.816184
0.68	687.268393
0.69	669.817020
0.70	651.471907
0.71	632.265441
0.72	612.244890
0.73	591.463222
0.74	569.993907
0.75	547.903308
0.76	525.257598
0.77	502.131681
0.78	478.613142
0.79	454.793006
0.80	430.769400
0.81	406.648586
0.82	382.550205
0.83	358.600584
0.84	334.917682
0.85	311.624589
0.86	288.846263
0.87	266.702101
0.88	245.314373
0.89	224.805621
0.90	205.297893
0.91	186.902056
0.92	169.715353
0.93	153.824316
0.94	139.306432
0.95	126.221797
0.96	114.614078
0.97	104.524073
0.98	95.984351
0.99	89.010980
1.00	83.615700
