0.00	0.000000
0.01	1.076968
0.02	4.337472
0.03	9.742603
0.04	17.215774
0.05	26.687622
0.06	38.103660
0.07	51.376385
0.08	66.420699
0.09	83.135317
0.10	101.415463
0.11	121.144355
0.12	142.199278
0.13	164.447920
0.14	187.757437
0.15	211.990542
0.16	237.004964
0.17	262.661536
0.18	288.822171
0.19	315.364464
0.20	342.159753
0.21	369.070763
0.22	395.964244
0.23	422.706174
0.24	449.165661
0.25	475.238532
0.26	500.850729
0.27	525.928490
0.28	550.390117
0.29	574.157974
0.30	597.155919
0.31	619.312275
0.32	640.568434
0.33	660.871049
0.34	680.173406
0.35	698.433055
0.36	715.611045
0.37	731.673446
0.38	746.592945
0.39	760.337116
0.40	772.875526
0.41	784.189424
0.42	794.263663
0.43	803.088167
0.44	810.669844
0.45	817.026345
0.46	822.181890
0.47	826.163160
0.48	828.997982
0.49	830.712640
0.50	831.334553
0.51	830.890667
0.52	829.405852
0.53	826.902326
0.54	823.400900
0.55	818.922115
0.56	813.482700
0.57	807.098882
0.58	799.786076
0.59	791.550327
0.60	782.397303
0.61	772.330443
0.62	761.350808
0.63	749.459339
0.64	736.650419
0.65	722.919449
0.66	708.262780
0.67	692.671606
0.68	676.137963
0.69	658.664031
0.70	640.254976
0.71	620.933669
0.72	600.755066
0.73	579.798420
0.74	558.132042
0.75	535.822261
0.76	512.939316
0.77	489.560602
0.78	465.775870
0.79	441.684421
0.80	417.388036
0.81	392.998021
0.82	368.629383
0.83	344.406432
0.84	320.448433
0.85	296.876617
0.86	273.817262
0.87	251.405761
0.88	229.768434
0.89	209.030265
0.90	189.309056
0.91	170.710484
0.92	153.340511
0.93	137.292641
0.94	122.645521
0.95	109.467026
0.96	97.810913
0.97	87.685805
0.98	79.112780
0.99	72.119602
1.00	66.716956
