0.00	0.000000
0.01	1.093325
0.02	4.379430
0.03	9.795956
0.04	17.313321
0.05	26.959313
0.06	38.683665
0.07	52.406599
0.08	68.059064
0.09	85.567243
0.10	104.825996
0.11	125.723385
0.12	148.134728
0.13	171.927662
0.14	196.958128
0.15	223.074277
0.16	250.125348
0.17	277.957651
0.18	306.424017
0.19	335.377977
0.20	364.675603
0.21	394.173862
0.22	423.725966
0.23	453.183232
0.24	482.416230
0.25	511.301414
0.26	539.713515
0.27	567.528629
0.28	594.640012
0.29	620.939325
0.30	646.328265
0.31	670.755559
0.32	694.159474
0.33	716.484209
0.34	737.673597
0.35	757.692730
0.36	776.513193
0.37	794.110731
0.38	810.465832
0.39	825.556103
0.40	839.354661
0.41	851.840033
0.42	863.004894
0.43	872.867947
0.44	881.453068
0.45	888.785524
0.46	894.891463
0.47	899.796499
0.48	903.526919
0.49	906.107068
0.50	907.560534
0.51	907.908659
0.52	907.169134
0.53	905.356788
0.54	902.484883
0.55	898.564022
0.56	893.601182
0.57	887.600666
0.58	880.563576
0.59	872.486669
0.60	863.363501
0.61	853.184995
0.62	841.939496
0.63	829.614393
0.64	816.187594
0.65	801.638320
0.66	785.957367
0.67	769.139642
0.68	751.191757
0.69	732.136295
0.70	712.030649
0.71	690.933438
0.72	668.898118
0.73	645.979676
0.74	622.246395
0.75	597.767863
0.76	572.615801
0.77	546.869222
0.78	520.621402
0.79	493.970425
0.80	467.017539
0.81	439.876107
0.82	412.663725
0.83	385.513619
0.84	358.562107
0.85	331.940721
0.86	305.780970
0.87	280.237689
0.88	255.479201
0.89	231.652314
0.90	208.909968
0.91	187.381831
0.92	167.180858
0.93	148.407388
0.94	131.155394
0.95	115.503093
0.96	101.520273
0.97	89.280754
0.98	78.822516
0.99	70.162228
1.00	63.318560
