0.00	0.000000
0.01	1.115443
0.02	4.437671
0.03	9.920625
0.04	17.536743
0.05	27.237043
0.06	38.952795
0.07	52.619024
0.08	68.153267
0.09	85.472117
0.10	104.481345
0.11	125.061838
0.12	147.077463
0.13	170.380168
0.14	194.828181
0.15	220.271139
0.16	246.572430
0.17	273.586501
0.18	301.171192
0.19	329.189190
0.20	357.505908
0.21	385.980805
0.22	414.475007
0.23	442.849150
0.24	470.968327
0.25	498.708167
0.26	525.948160
0.27	552.585319
0.28	578.539112
0.29	603.727163
0.30	628.068782
0.31	651.487355
0.32	673.924849
0.33	695.333788
0.34	715.662918
0.35	734.864157
0.36	752.898654
0.37	769.733038
0.38	785.344455
0.39	799.705154
0.40	812.796682
0.41	824.602674
0.42	835.107996
0.43	844.324369
0.44	852.268782
0.45	858.965566
0.46	864.440862
0.47	868.721720
0.48	871.833480
0.49	873.803481
0.50	874.658258
0.51	874.423765
0.52	873.123654
0.53	870.779717
0.54	867.409144
0.55	863.028405
0.56	857.651073
0.57	851.288663
0.58	843.949705
0.59	835.637859
0.60	826.354861
0.61	816.098277
0.62	804.861477
0.63	792.638258
0.64	779.422125
0.65	765.205560
0.66	749.973870
0.67	733.720271
0.68	716.443313
0.69	698.143392
0.70	678.830898
0.71	658.563597
0.72	637.410252
0.73	615.429313
0.74	592.677258
0.75	569.221749
0.76	545.145423
0.77	520.527093
0.78	495.451869
0.79	470.016876
0.80	444.324410
0.81	418.480088
0.82	392.602651
0.83	366.825398
0.84	341.281088
0.85	316.095816
0.86	291.400392
0.87	267.335797
0.88	244.039278
0.89	221.665995
0.90	200.354219
0.91	180.221735
0.92	161.377212
0.93	143.917115
0.94	127.927937
0.95	113.475886
0.96	100.622512
0.97	89.422566
0.98	79.897946
0.99	72.080931
1.00	65.994661
