0.00	0.000000
0.01	1.357525
0.02	5.473224
0.03	12.331696
0.04	21.908017
0.05	34.186258
0.06	49.129317
0.07	66.703436
0.08	86.877121
0.09	109.607829
0.10	134.811146
0.11	162.414153
0.12	192.341421
0.13	224.512434
0.14	258.845768
0.15	295.193049
0.16	333.455753
0.17	373.565721
0.18	415.453467
0.19	459.024970
0.20	504.107195
0.21	550.377855
0.22	597.313881
0.23	644.383484
0.24	691.309708
0.25	737.857562
0.26	783.816817
0.27	829.041219
0.28	873.417012
0.29	916.772685
0.30	958.914563
0.31	999.655527
0.32	1038.847309
0.33	1076.417525
0.34	1112.333283
0.35	1146.588187
0.36	1179.200592
0.37	1210.204479
0.38	1239.638434
0.39	1267.546037
0.40	1293.968373
0.41	1318.939080
0.42	1342.494660
0.43	1364.658320
0.44	1385.447075
0.45	1404.895581
0.46	1423.044691
0.47	1439.931269
0.48	1455.577282
0.49	1470.005512
0.50	1483.237045
0.51	1495.285363
0.52	1506.163850
0.53	1515.888568
0.54	1524.480062
0.55	1531.944859
0.56	1538.279347
0.57	1543.478638
0.58	1547.542853
0.59	1550.473415
0.60	1552.284570
0.61	1552.977129
0.62	1552.547182
0.63	1550.988452
0.64	1548.298370
0.65	1544.481544
0.66	1539.563201
0.67	1533.584005
0.68	1526.563340
0.69	1518.535797
0.70	1509.563609
0.71	1499.695112
0.72	1488.983342
0.73	1477.486272
0.74	1465.280977
0.75	1452.409449
0.76	1438.910792
0.77	1424.848553
0.78	1410.286323
0.79	1395.299632
0.80	1379.973900
0.81	1364.398168
0.82	1348.677052
0.83	1332.905011
0.84	1317.161092
0.85	1301.535567
0.86	1286.107513
0.87	1270.977713
0.88	1256.244982
0.89	1242.001708
0.90	1228.347935
0.91	1215.391540
0.92	1203.235058
0.93	1191.963733
0.94	1181.648956
0.95	1172.356364
0.96	1164.141743
0.97	1157.057309
0.98	1151.154749
0.99	1146.460209
1.00	1143.011234
