0.00	0.000000
0.01	1.051107
0.02	4.214196
0.03	9.455682
0.04	16.730112
0.05	25.989686
0.06	37.164551
0.07	50.188847
0.08	64.948146
0.09	81.312460
0.10	99.174844
0.11	118.418085
0.12	138.899763
0.13	160.467513
0.14	182.982644
0.15	206.303931
0.16	230.281256
0.17	254.802678
0.18	279.763523
0.19	305.046956
0.20	330.534689
0.21	356.110984
0.22	381.675664
0.23	407.122654
0.24	432.347797
0.25	457.254105
0.26	481.747570
0.27	505.735797
0.28	529.118681
0.29	551.807650
0.30	573.721492
0.31	594.781844
0.32	614.917839
0.33	634.069438
0.34	652.189634
0.35	669.227866
0.36	685.135403
0.37	699.874118
0.38	713.417668
0.39	725.726993
0.40	736.793050
0.41	746.624026
0.42	755.227995
0.43	762.623402
0.44	768.833827
0.45	773.885477
0.46	777.805139
0.47	780.621123
0.48	782.361004
0.49	783.051271
0.50	782.719068
0.51	781.391076
0.52	779.093153
0.53	775.848538
0.54	771.677095
0.55	766.597501
0.56	760.627305
0.57	753.782068
0.58	746.074117
0.59	737.512383
0.60	728.102672
0.61	717.848083
0.62	706.747331
0.63	694.795831
0.64	681.987932
0.65	668.315488
0.66	653.767592
0.67	638.333548
0.68	622.009170
0.69	604.790375
0.70	586.671709
0.71	567.648942
0.72	547.745380
0.73	527.007518
0.74	505.504152
0.75	483.325260
0.76	460.567857
0.77	437.325109
0.78	413.706027
0.79	389.813782
0.80	365.754127
0.81	341.644613
0.82	317.613772
0.83	293.790772
0.84	270.305658
0.85	247.291633
0.86	224.883587
0.87	203.213613
0.88	182.413348
0.89	162.614043
0.90	143.941707
0.91	126.516753
0.92	110.454062
0.93	95.864035
0.94	82.847237
0.95	71.482831
0.96	61.837464
0.97	53.963472
0.98	47.899273
0.99	43.669547
1.00	41.298659
