0.00	0.000000
0.01	1.637791
0.02	6.582547
0.03	14.848590
0.04	26.421859
0.05	41.289241
0.06	59.458221
0.07	80.948609
0.08	105.793183
0.09	134.019284
0.10	165.657049
0.11	200.759364
0.12	239.382687
0.13	281.578087
0.14	327.400932
0.15	376.966143
0.16	430.315862
0.17	487.524542
0.18	548.602812
0.19	613.409334
0.20	681.664950
0.21	753.026476
0.22	826.860766
0.23	901.916752
0.24	976.694831
0.25	1049.715155
0.26	1120.097274
0.27	1187.950260
0.28	1253.909402
0.29	1318.252325
0.30	1381.165858
0.31	1442.672637
0.32	1502.133529
0.33	1558.716349
0.34	1612.076109
0.35	1662.378071
0.36	1709.851735
0.37	1754.684649
0.38	1797.017335
0.39	1805.719353
0.40	1840.070014
0.41	1872.490081
0.42	1903.031793
0.43	1931.737119
0.44	1958.639788
0.45	1983.786651
0.46	2007.216313
0.47	2028.982037
0.48	2049.126574
0.49	2067.688298
0.50	2084.703209
0.51	2100.204091
0.52	2114.221067
0.53	2126.777562
0.54	2137.915910
0.55	2147.667588
0.56	2156.050961
0.57	2163.113080
0.58	2168.879520
0.59	2173.361320
0.60	2176.571554
0.61	2178.523920
0.62	2179.241625
0.63	2178.763554
0.64	2177.128758
0.65	2174.384096
0.66	2170.596750
0.67	2165.860399
0.68	2160.237071
0.69	2153.791859
0.70	2146.579715
0.71	2138.675882
0.72	2130.144508
0.73	2121.067075
0.74	2111.492596
0.75	2101.443983
0.76	2090.965416
0.77	2080.104168
0.78	2068.910892
0.79	2057.440149
0.80	2045.758138
0.81	2033.922370
0.82	2021.983625
0.83	2010.012461
0.84	1998.080747
0.85	1986.269121
0.86	1974.653102
0.87	1963.312257
0.88	1952.325869
0.89	1941.775108
0.90	1931.724588
0.91	1922.244954
0.92	1913.424034
0.93	1905.331231
0.94	1898.005974
0.95	1891.487247
0.96	1885.804785
0.97	1880.976942
0.98	1877.031828
0.99	1873.986276
1.00	1871.867344
