0.00	0.000000
0.01	1.055469
0.02	4.317173
0.03	9.735255
0.04	17.243802
0.05	26.739674
0.06	38.146454
0.07	51.359183
0.08	66.293874
0.09	82.849810
0.10	100.926724
0.11	120.400890
0.12	141.149419
0.13	163.044331
0.14	185.945155
0.15	209.703703
0.16	234.171399
0.17	259.203266
0.18	284.673111
0.19	310.440006
0.20	336.381863
0.21	362.367344
0.22	388.262859
0.23	413.956984
0.24	439.359608
0.25	464.380946
0.26	488.930179
0.27	512.920660
0.28	536.266780
0.29	558.889409
0.30	580.717173
0.31	601.685028
0.32	621.736034
0.33	640.820169
0.34	658.892715
0.35	675.913531
0.36	691.845831
0.37	706.653770
0.38	720.303811
0.39	732.779731
0.40	744.070218
0.41	754.162675
0.42	763.038381
0.43	770.683897
0.44	777.102799
0.45	782.309267
0.46	786.330998
0.47	789.201075
0.48	790.955189
0.49	791.627047
0.50	791.251659
0.51	789.865269
0.52	787.502492
0.53	784.197534
0.54	779.981275
0.55	774.876640
0.56	768.905043
0.57	762.088975
0.58	754.451695
0.59	746.014487
0.60	736.795405
0.61	726.810074
0.62	716.069170
0.63	704.580035
0.64	692.346307
0.65	679.363899
0.66	665.628683
0.67	651.139257
0.68	635.891835
0.69	619.884982
0.70	603.116591
0.71	585.601070
0.72	567.394395
0.73	548.542729
0.74	529.095206
0.75	509.101062
0.76	488.624392
0.77	467.733961
0.78	446.503486
0.79	425.017900
0.80	403.365423
0.81	381.632288
0.82	359.925434
0.83	338.349044
0.84	317.003929
0.85	295.996123
0.86	275.432776
0.87	255.424471
0.88	236.076209
0.89	217.492277
0.90	199.765766
0.91	182.984560
0.92	167.206830
0.93	152.484845
0.94	138.861796
0.95	126.382364
0.96	115.083093
0.97	105.013484
0.98	96.219056
0.99	88.726109
1.00	82.555557
