0.00	0.000000
0.01	1.275828
0.02	5.178360
0.03	11.666841
0.04	20.683543
0.05	32.150305
0.06	45.965012
0.07	62.012748
0.08	80.164953
0.09	100.283344
0.10	122.225966
0.11	145.841475
0.12	170.968462
0.13	197.438727
0.14	225.075935
0.15	253.688260
0.16	283.078690
0.17	313.061818
0.18	343.457378
0.19	374.088211
0.20	404.778201
0.21	435.361453
0.22	465.678907
0.23	495.585190
0.24	524.937532
0.25	553.608056
0.26	581.487745
0.27	608.483317
0.28	634.513340
0.29	659.511216
0.30	683.420835
0.31	706.196448
0.32	727.801404
0.33	748.207490
0.34	767.394493
0.35	785.349120
0.36	802.064212
0.37	817.538600
0.38	831.776332
0.39	844.785502
0.40	856.577152
0.41	867.164386
0.42	876.561851
0.43	884.785396
0.44	891.850836
0.45	897.773350
0.46	902.566845
0.47	906.243234
0.48	908.812003
0.49	910.279966
0.50	910.651005
0.51	909.925836
0.52	908.102055
0.53	905.174163
0.54	901.133722
0.55	895.969749
0.56	889.669059
0.57	882.216783
0.58	873.596887
0.59	863.792765
0.60	852.788134
0.61	840.568357
0.62	827.121013
0.63	812.436692
0.64	796.509757
0.65	779.339131
0.66	760.929006
0.67	741.290172
0.68	720.440745
0.69	698.407069
0.70	675.223566
0.71	650.934328
0.72	625.599116
0.73	599.287930
0.74	572.081454
0.75	544.069954
0.76	515.368408
0.77	486.107676
0.78	456.418199
0.79	426.438225
0.80	396.319944
0.81	366.216484
0.82	336.282384
0.83	306.673287
0.84	277.552444
0.85	249.090509
0.86	221.452496
0.87	194.813965
0.88	169.365374
0.89	145.293590
0.90	122.773976
0.91	101.969555
0.92	83.036046
0.93	66.120253
0.94	51.355335
0.95	38.856005
0.96	28.724082
0.97	21.040723
0.98	15.870470
0.99	13.255899
1.00	13.211344
