0.00	0.000000
0.01	1.095352
0.02	4.483633
0.03	10.100135
0.04	17.893421
0.05	27.794696
0.06	39.707772
0.07	53.525800
0.08	69.141099
0.09	86.441469
0.10	105.300934
0.11	125.586922
0.12	147.169942
0.13	169.913748
0.14	193.679368
0.15	218.330172
0.16	243.724175
0.17	269.716155
0.18	296.167903
0.19	322.957339
0.20	349.950384
0.21	377.007846
0.22	403.993507
0.23	430.763027
0.24	457.198370
0.25	483.218334
0.26	508.733371
0.27	533.651461
0.28	557.897158
0.29	581.394923
0.30	604.074238
0.31	625.871198
0.32	646.728645
0.33	666.595297
0.34	685.424449
0.35	703.171118
0.36	719.799623
0.37	735.282712
0.38	749.598203
0.39	762.728097
0.40	774.659549
0.41	785.383647
0.42	794.888633
0.43	803.144074
0.44	810.138739
0.45	815.877062
0.46	820.376308
0.47	823.662727
0.48	825.766912
0.49	826.718725
0.50	826.549993
0.51	825.294777
0.52	822.982617
0.53	819.642284
0.54	815.304527
0.55	809.994770
0.56	803.742034
0.57	796.579705
0.58	788.539906
0.59	779.649496
0.60	769.930883
0.61	759.402248
0.62	748.076777
0.63	735.963757
0.64	723.068180
0.65	709.392317
0.66	694.935441
0.67	679.695711
0.68	663.671320
0.69	646.861791
0.70	629.268785
0.71	610.906843
0.72	591.833164
0.73	572.107750
0.74	551.774867
0.75	530.893144
0.76	509.529258
0.77	487.750146
0.78	465.630704
0.79	443.253103
0.80	420.707793
0.81	398.083216
0.82	375.479919
0.83	353.008570
0.84	330.778656
0.85	308.904109
0.86	287.498128
0.87	266.674255
0.88	246.541844
0.89	227.211510
0.90	208.774913
0.91	191.330673
0.92	174.963722
0.93	159.756063
0.94	145.784256
0.95	133.096115
0.96	121.735989
0.97	111.758362
0.98	103.203508
0.99	96.095059
1.00	90.442472
