0.00	0.000000
0.01	1.201968
0.02	4.882448
0.03	11.004832
0.04	19.514099
0.05	30.338831
0.06	43.384864
0.07	58.536888
0.08	75.667345
0.09	94.631608
0.10	115.279352
0.11	137.454873
0.12	161.001352
0.13	185.741669
0.14	211.495435
0.15	238.087438
0.16	265.345268
0.17	293.100169
0.18	321.194270
0.19	349.475725
0.20	377.801255
0.21	406.037813
0.22	434.054801
0.23	461.735958
0.24	488.969354
0.25	515.649773
0.26	541.678259
0.27	566.971232
0.28	591.455192
0.29	615.064867
0.30	637.746077
0.31	659.454197
0.32	680.157994
0.33	699.830286
0.34	718.450362
0.35	736.000477
0.36	752.467681
0.37	767.841998
0.38	782.113517
0.39	795.274797
0.40	807.322447
0.41	818.254606
0.42	828.070389
0.43	836.767706
0.44	844.345033
0.45	850.802146
0.46	856.137796
0.47	860.351565
0.48	863.442978
0.49	865.411112
0.50	866.252770
0.51	865.963602
0.52	864.539799
0.53	861.978041
0.54	858.275788
0.55	853.430084
0.56	847.439032
0.57	840.300552
0.58	832.014466
0.59	822.579797
0.60	811.996522
0.61	800.267924
0.62	787.399801
0.63	773.401811
0.64	758.287145
0.65	742.072109
0.66	724.776581
0.67	706.427182
0.68	687.059502
0.69	666.713971
0.70	645.441614
0.71	623.297418
0.72	600.342502
0.73	576.645315
0.74	552.283205
0.75	527.331865
0.76	501.874961
0.77	475.996844
0.78	449.788832
0.79	423.352699
0.80	396.805169
0.81	370.265058
0.82	343.854511
0.83	317.694000
0.84	291.918461
0.85	266.681386
0.86	242.140421
0.87	218.445494
0.88	195.751113
0.89	174.208543
0.90	153.976118
0.91	135.214870
0.92	118.074043
0.93	102.688449
0.94	89.182009
0.95	77.663155
0.96	68.226732
0.97	60.947790
0.98	55.881217
0.99	53.058208
1.00	52.487583
