0.00	0.000000
0.01	1.338821
0.02	5.422225
0.03	12.207915
0.04	21.626179
0.05	33.585311
0.06	47.973029
0.07	64.657678
0.08	83.493235
0.09	104.325066
0.10	126.992212
0.11	151.330109
0.12	177.178262
0.13	204.380810
0.14	232.781072
0.15	262.220103
0.16	292.534233
0.17	323.553422
0.18	355.084353
0.19	386.898340
0.20	418.772049
0.21	450.497832
0.22	481.879122
0.23	512.753305
0.24	542.991970
0.25	572.479154
0.26	601.110133
0.27	628.791371
0.28	655.440375
0.29	680.985618
0.30	705.368177
0.31	728.539858
0.32	750.462943
0.33	771.109691
0.34	790.462730
0.35	808.513780
0.36	825.262764
0.37	840.716341
0.38	854.886297
0.39	867.788111
0.40	879.439991
0.41	889.862090
0.42	899.075701
0.43	907.102360
0.44	913.963076
0.45	919.677613
0.46	924.263881
0.47	927.737465
0.48	930.110944
0.49	931.393415
0.50	931.590282
0.51	930.703113
0.52	928.729793
0.53	925.664540
0.54	921.497877
0.55	916.217039
0.56	909.806408
0.57	902.248150
0.58	893.522760
0.59	883.609736
0.60	872.488340
0.61	860.138347
0.62	846.540946
0.63	831.679599
0.64	815.540903
0.65	798.115954
0.66	779.401719
0.67	759.401516
0.68	738.127685
0.69	715.601614
0.70	691.855622
0.71	666.932919
0.72	640.887047
0.73	613.782147
0.74	585.693895
0.75	556.709851
0.76	526.928783
0.77	496.460765
0.78	465.427026
0.79	433.969621
0.80	402.271611
0.81	370.533609
0.82	338.967738
0.83	307.807162
0.84	277.265051
0.85	247.523873
0.86	218.744718
0.87	191.080873
0.88	164.683995
0.89	139.707776
0.90	116.316228
0.91	94.675562
0.92	74.948652
0.93	57.292781
0.94	41.857040
0.95	28.779711
0.96	18.183800
0.97	10.171327
0.98	4.821853
0.99	2.191026
1.00	2.306917
