0.00	0.000000
0.01	1.097395
0.02	4.510575
0.03	10.196304
0.04	18.077246
0.05	28.052026
0.06	40.020127
0.07	53.889827
0.08	69.556836
0.09	86.900980
0.10	105.808075
0.11	126.159015
0.12	147.827915
0.13	170.681585
0.14	194.569443
0.15	219.340135
0.16	244.849337
0.17	270.954257
0.18	297.523171
0.19	324.425482
0.20	351.526297
0.21	378.690174
0.22	405.779764
0.23	432.660323
0.24	459.207350
0.25	485.340543
0.26	510.970010
0.27	536.008590
0.28	560.371356
0.29	583.974181
0.30	606.744752
0.31	628.616994
0.32	649.532718
0.33	669.439952
0.34	688.292357
0.35	706.047562
0.36	722.666167
0.37	738.120704
0.38	752.389633
0.39	765.451962
0.40	777.291119
0.41	787.896781
0.42	797.261584
0.43	805.382738
0.44	812.256511
0.45	817.881106
0.46	822.258145
0.47	825.407281
0.48	827.358056
0.49	828.142435
0.50	827.796492
0.51	826.359720
0.52	823.865483
0.53	820.351800
0.54	815.852743
0.55	810.396015
0.56	804.013645
0.57	796.743720
0.58	788.617590
0.59	779.658551
0.60	769.890013
0.61	759.330147
0.62	747.996055
0.63	735.900977
0.64	723.055818
0.65	709.467321
0.66	695.136975
0.67	680.063211
0.68	664.242696
0.69	647.673755
0.70	630.356336
0.71	612.299038
0.72	593.554672
0.73	574.174839
0.74	554.209747
0.75	533.717021
0.76	512.752550
0.77	491.391071
0.78	469.711383
0.79	447.786207
0.80	425.697565
0.81	403.534213
0.82	381.381348
0.83	359.350664
0.84	337.547518
0.85	316.076440
0.86	295.048850
0.87	274.570387
0.88	254.741818
0.89	235.671396
0.90	217.451161
0.91	200.151329
0.92	183.854229
0.93	168.653228
0.94	154.625686
0.95	141.828802
0.96	130.313793
0.97	120.117245
0.98	111.278116
0.99	103.813831
1.00	97.735216
