0.00	0.000000
0.01	1.336585
0.02	5.408070
0.03	12.178130
0.04	21.591419
0.05	33.561973
0.06	47.978148
0.07	64.708770
0.08	83.608373
0.09	104.521264
0.10	127.285010
0.11	151.733127
0.12	177.696784
0.13	205.006037
0.14	233.510643
0.15	263.075710
0.16	293.545711
0.17	324.747355
0.18	356.486637
0.19	388.544694
0.20	420.648711
0.21	452.536844
0.22	484.048808
0.23	515.046355
0.24	545.401563
0.25	574.997601
0.26	603.729264
0.27	631.503094
0.28	658.237322
0.29	683.861501
0.30	708.315436
0.31	731.549527
0.32	753.526279
0.33	774.219914
0.34	793.614727
0.35	811.705506
0.36	828.495226
0.37	843.992298
0.38	858.209610
0.39	871.163644
0.40	882.873583
0.41	893.360419
0.42	902.646081
0.43	910.752588
0.44	917.701238
0.45	923.511868
0.46	928.202166
0.47	931.787086
0.48	934.278346
0.49	935.684032
0.50	936.008349
0.51	935.251453
0.52	933.409456
0.53	930.474501
0.54	926.435054
0.55	921.276213
0.56	914.980197
0.57	907.526910
0.58	898.894599
0.59	889.060574
0.60	878.002002
0.61	865.696735
0.62	852.124176
0.63	837.266158
0.64	821.107833
0.65	803.638550
0.66	784.852718
0.67	764.750638
0.68	743.340216
0.69	720.643039
0.70	696.697570
0.71	671.550476
0.72	645.256934
0.73	617.883059
0.74	589.506334
0.75	560.215879
0.76	530.112515
0.77	499.308630
0.78	467.927358
0.79	436.102496
0.80	403.985481
0.81	371.816117
0.82	339.876142
0.83	308.392557
0.84	277.563300
0.85	247.564641
0.86	218.554596
0.87	190.673159
0.88	164.058416
0.89	138.878525
0.90	115.303399
0.91	93.501493
0.92	73.638347
0.93	55.874095
0.94	40.360134
0.95	27.235107
0.96	16.619933
0.97	8.613294
0.98	3.283435
0.99	0.673203
1.00	0.817485
