0.00	0.000000
0.01	1.048752
0.02	4.258847
0.03	9.603741
0.04	17.079190
0.05	26.644208
0.06	38.247235
0.07	51.829586
0.08	67.308735
0.09	84.587789
0.10	103.565714
0.11	124.128913
0.12	146.148982
0.13	169.486379
0.14	193.989906
0.15	219.498836
0.16	245.862693
0.17	272.932860
0.18	300.562224
0.19	328.608195
0.20	356.923852
0.21	385.365174
0.22	413.804863
0.23	442.112718
0.24	470.157169
0.25	497.802867
0.26	524.910558
0.27	551.340720
0.28	576.997511
0.29	601.818705
0.30	625.761570
0.31	648.761552
0.32	670.756601
0.33	691.691108
0.34	711.517435
0.35	730.197062
0.36	747.694944
0.37	763.981699
0.38	779.028486
0.39	792.802149
0.40	805.261961
0.41	816.394180
0.42	826.209732
0.43	834.729775
0.44	841.979507
0.45	847.987659
0.46	852.785589
0.47	856.405623
0.48	858.880489
0.49	860.242108
0.50	860.521928
0.51	859.748113
0.52	857.945612
0.53	855.137143
0.54	851.342056
0.55	846.575726
0.56	840.850948
0.57	834.178048
0.58	826.561488
0.59	817.998743
0.60	808.489312
0.61	798.028336
0.62	786.605210
0.63	774.221874
0.64	760.875201
0.65	746.558738
0.66	731.266291
0.67	714.988088
0.68	697.717208
0.69	679.451619
0.70	660.195021
0.71	639.989418
0.72	618.911045
0.73	597.026824
0.74	574.404283
0.75	551.113910
0.76	527.230666
0.77	502.834459
0.78	478.009810
0.79	452.850505
0.80	427.455609
0.81	401.930362
0.82	376.381619
0.83	350.938320
0.84	325.736898
0.85	300.926328
0.86	276.661171
0.87	253.079395
0.88	230.316763
0.89	208.502927
0.90	187.758925
0.91	168.196002
0.92	149.930046
0.93	133.066814
0.94	117.674762
0.95	103.809929
0.96	91.524548
0.97	80.869544
0.98	71.853889
0.99	64.495806
1.00	58.813280
