0.00	0.000000
0.01	1.303874
0.02	5.269383
0.03	11.858003
0.04	21.002429
0.05	32.618180
0.06	46.610907
0.07	62.862084
0.08	81.237343
0.09	101.598162
0.10	123.799057
0.11	147.687447
0.12	173.102422
0.13	199.877175
0.14	227.840117
0.15	256.806910
0.16	286.577158
0.17	316.956211
0.18	347.757423
0.19	378.793191
0.20	409.890655
0.21	440.883963
0.22	471.608124
0.23	501.909061
0.24	531.642947
0.25	560.673789
0.26	588.886842
0.27	616.180196
0.28	642.471304
0.29	667.690560
0.30	691.778303
0.31	714.686216
0.32	736.376914
0.33	756.822253
0.34	776.002397
0.35	793.905287
0.36	810.526051
0.37	825.866838
0.38	839.935149
0.39	852.742786
0.40	864.304616
0.41	874.637920
0.42	883.762178
0.43	891.697983
0.44	898.465800
0.45	904.084934
0.46	908.573283
0.47	911.946614
0.48	914.218063
0.49	915.397759
0.50	915.492364
0.51	914.505105
0.52	912.435812
0.53	909.280574
0.54	905.032044
0.55	899.679772
0.56	893.210762
0.57	885.609730
0.58	876.859732
0.59	866.943129
0.60	855.842388
0.61	843.540760
0.62	830.022966
0.63	815.277055
0.64	799.294374
0.65	782.070271
0.66	763.605237
0.67	743.906251
0.68	722.987663
0.69	700.872328
0.70	677.592140
0.71	653.187208
0.72	627.708615
0.73	601.217965
0.74	573.795345
0.75	545.541492
0.76	516.566310
0.77	486.997367
0.78	456.972333
0.79	426.633698
0.80	396.131619
0.81	365.629311
0.82	335.291336
0.83	305.280492
0.84	275.764002
0.85	246.919802
0.86	218.927427
0.87	191.970961
0.88	166.239992
0.89	141.911444
0.90	119.151829
0.91	98.122666
0.92	78.976496
0.93	61.860879
0.94	46.911017
0.95	34.246795
0.96	23.972758
0.97	16.180360
0.98	10.938830
0.99	8.289362
1.00	8.254450
