0.00	0.000000
0.01	1.212725
0.02	4.898690
0.03	11.026394
0.04	19.540182
0.05	30.367830
0.06	43.426588
0.07	58.608229
0.08	75.789282
0.09	94.832127
0.10	115.581329
0.11	137.875378
0.12	161.540725
0.13	186.399897
0.14	212.277113
0.15	238.994309
0.16	266.383495
0.17	294.283885
0.18	322.542257
0.19	351.007484
0.20	379.526633
0.21	407.960215
0.22	436.179820
0.23	464.062665
0.24	491.497496
0.25	518.379988
0.26	544.613586
0.27	570.107928
0.28	594.778188
0.29	618.553042
0.30	641.377900
0.31	663.210336
0.32	684.015606
0.33	703.762304
0.34	722.425523
0.35	739.986602
0.36	756.430257
0.37	771.744113
0.38	785.918787
0.39	798.947117
0.40	810.824026
0.41	821.547323
0.42	831.115612
0.43	839.527802
0.44	846.785790
0.45	852.891128
0.46	857.845457
0.47	861.651033
0.48	864.310339
0.49	865.826026
0.50	866.201287
0.51	865.439044
0.52	863.540745
0.53	860.506874
0.54	856.337832
0.55	851.034367
0.56	844.596683
0.57	837.025007
0.58	828.320309
0.59	818.484117
0.60	807.521266
0.61	795.436457
0.62	782.235265
0.63	767.925664
0.64	752.518945
0.65	736.029373
0.66	718.476215
0.67	699.881780
0.68	680.272976
0.69	659.684369
0.70	638.156455
0.71	615.744839
0.72	592.510200
0.73	568.521701
0.74	543.850862
0.75	518.580272
0.76	492.795869
0.77	466.588385
0.78	440.052416
0.79	413.291001
0.80	386.420921
0.81	359.561056
0.82	332.833877
0.83	306.367594
0.84	280.297395
0.85	254.772919
0.86	229.951931
0.87	205.999048
0.88	183.070550
0.89	161.319584
0.90	140.904902
0.91	121.982949
0.92	104.699343
0.93	89.193033
0.94	75.601173
0.95	64.037973
0.96	54.607341
0.97	47.386825
0.98	42.428314
0.99	39.757585
1.00	39.381863
