0.00	0.000000
0.01	1.019349
0.02	4.160047
0.03	9.406279
0.04	16.728172
0.05	26.096094
0.06	37.456747
0.07	50.743046
0.08	65.885668
0.09	82.802529
0.10	101.399007
0.11	121.554828
0.12	143.155879
0.13	166.079811
0.14	190.188257
0.15	215.327476
0.16	241.345073
0.17	268.087586
0.18	295.401968
0.19	323.131940
0.20	351.138466
0.21	379.282291
0.22	407.418995
0.23	435.428497
0.24	463.189707
0.25	490.575000
0.26	517.457819
0.27	543.725782
0.28	569.287175
0.29	594.045147
0.30	617.923550
0.31	640.852020
0.32	662.793612
0.33	683.704743
0.34	703.534027
0.35	722.238552
0.36	739.780380
0.37	756.118789
0.38	771.218266
0.39	785.055694
0.40	797.617927
0.41	808.907941
0.42	818.940819
0.43	827.738269
0.44	835.324831
0.45	841.728018
0.46	846.976392
0.47	851.096810
0.48	854.114140
0.49	856.051957
0.50	856.932843
0.51	856.775930
0.52	855.598738
0.53	853.416214
0.54	850.240500
0.55	846.078987
0.56	840.936331
0.57	834.816002
0.58	827.719180
0.59	819.642428
0.60	810.574963
0.61	800.506975
0.62	789.427341
0.63	777.320810
0.64	764.175563
0.65	749.980267
0.66	734.723138
0.67	718.391284
0.68	700.981713
0.69	682.497352
0.70	662.968624
0.71	642.474633
0.72	621.087442
0.73	598.871119
0.74	575.897931
0.75	552.240902
0.76	527.978782
0.77	503.200005
0.78	477.999757
0.79	452.476386
0.80	426.731056
0.81	400.870238
0.82	375.015135
0.83	349.301900
0.84	323.864318
0.85	298.842699
0.86	274.380253
0.87	250.617368
0.88	227.688727
0.89	205.720776
0.90	184.831778
0.91	165.132288
0.92	146.725235
0.93	129.718892
0.94	114.216907
0.95	100.286414
0.96	87.962328
0.97	77.267808
0.98	68.224996
0.99	60.841463
1.00	55.127162
