0.00	0.000000
0.01	1.072223
0.02	4.328675
0.03	9.724685
0.04	17.220183
0.05	26.744210
0.06	38.209377
0.07	51.552841
0.08	66.705608
0.09	83.593523
0.10	102.117067
0.11	122.168254
0.12	143.626107
0.13	166.348942
0.14	190.187590
0.15	215.003175
0.16	240.647764
0.17	266.983643
0.18	293.871956
0.19	321.166293
0.20	348.720615
0.21	376.402902
0.22	404.090513
0.23	431.646768
0.24	458.944890
0.25	485.864376
0.26	512.292021
0.27	538.113909
0.28	563.239141
0.29	587.586086
0.30	611.099167
0.31	633.713618
0.32	655.366376
0.33	676.001029
0.34	695.572623
0.35	714.040440
0.36	731.368491
0.37	747.529583
0.38	762.488175
0.39	776.215255
0.40	788.693132
0.41	799.915296
0.42	809.895127
0.43	818.652174
0.44	826.209545
0.45	832.590745
0.46	837.818848
0.47	841.918925
0.48	844.914158
0.49	846.827506
0.50	847.680407
0.51	847.493410
0.52	846.282788
0.53	844.059873
0.54	840.836180
0.55	836.621681
0.56	831.424140
0.57	825.248027
0.58	818.094534
0.59	809.963357
0.60	800.850095
0.61	790.744414
0.62	779.643558
0.63	767.543832
0.64	754.438020
0.65	740.317196
0.66	725.172132
0.67	708.997560
0.68	691.793168
0.69	673.565370
0.70	654.350854
0.71	634.203406
0.72	613.176625
0.73	591.328480
0.74	568.733120
0.75	545.472732
0.76	521.633145
0.77	497.298910
0.78	472.561380
0.79	447.517207
0.80	422.281685
0.81	396.974090
0.82	371.714420
0.83	346.638581
0.84	321.876618
0.85	297.559687
0.86	273.822886
0.87	250.793107
0.88	228.590180
0.89	207.346323
0.90	187.195907
0.91	168.254310
0.92	150.624634
0.93	134.390334
0.94	119.630430
0.95	106.418712
0.96	94.806712
0.97	84.819519
0.98	76.464863
0.99	69.742231
1.00	64.651525
