0.00	0.000000
0.01	1.331262
0.02	5.394766
0.03	12.144876
0.04	21.516547
0.05	33.420117
0.06	47.744524
0.07	64.360393
0.08	83.123364
0.09	103.880188
0.10	126.471960
0.11	150.736522
0.12	176.517064
0.13	203.659446
0.14	232.007171
0.15	261.397564
0.16	291.661783
0.17	322.621948
0.18	354.076777
0.19	385.795154
0.20	417.561528
0.21	449.178490
0.22	480.456904
0.23	511.237080
0.24	541.385332
0.25	570.786074
0.26	599.335481
0.27	626.940539
0.28	653.519969
0.29	679.004193
0.30	703.335130
0.31	726.465883
0.32	748.359765
0.33	768.990157
0.34	788.339768
0.35	806.399715
0.36	823.169212
0.37	838.654217
0.38	852.865805
0.39	865.818851
0.40	877.531183
0.41	888.022432
0.42	897.313230
0.43	905.424395
0.44	912.376130
0.45	918.187373
0.46	922.875142
0.47	926.453891
0.48	928.934963
0.49	930.326330
0.50	930.632420
0.51	929.853836
0.52	927.987339
0.53	925.025961
0.54	920.959203
0.55	915.773388
0.56	909.452047
0.57	901.976436
0.58	893.326255
0.59	883.480461
0.60	872.417904
0.61	860.118143
0.62	846.562210
0.63	831.733543
0.64	815.618968
0.65	798.209891
0.66	779.503611
0.67	759.504522
0.68	738.226153
0.69	715.690820
0.70	691.931121
0.71	666.990579
0.72	640.923437
0.73	613.794852
0.74	585.681577
0.75	556.671431
0.76	526.863473
0.77	496.368474
0.78	465.311180
0.79	433.852982
0.80	402.187198
0.81	370.506170
0.82	339.007338
0.83	307.902698
0.84	277.407205
0.85	247.703156
0.86	218.953755
0.87	191.317901
0.88	164.951479
0.89	140.009432
0.90	116.652429
0.91	95.045235
0.92	75.351459
0.93	57.729459
0.94	42.328140
0.95	29.283434
0.96	18.714973
0.97	10.721970
0.98	5.382728
0.99	2.750552
1.00	2.852768
