0.00	0.000000
0.01	1.336450
0.02	5.406728
0.03	12.177023
0.04	21.590442
0.05	33.561193
0.06	47.977825
0.07	64.709127
0.08	83.609669
0.09	104.523851
0.10	127.289356
0.11	151.739795
0.12	177.706374
0.13	205.018862
0.14	233.528316
0.15	263.099372
0.16	293.575198
0.17	324.781371
0.18	356.522753
0.19	388.579010
0.20	420.673852
0.21	452.549004
0.22	484.048285
0.23	515.033298
0.24	545.376098
0.25	574.960034
0.26	603.680085
0.27	631.442987
0.28	658.167163
0.29	683.782368
0.30	708.228478
0.31	731.456629
0.32	753.429208
0.33	774.120297
0.34	793.514562
0.35	811.607113
0.36	828.401018
0.37	843.904701
0.38	858.131040
0.39	871.096478
0.40	882.820131
0.41	893.322897
0.42	902.626575
0.43	910.753024
0.44	917.723355
0.45	923.557184
0.46	928.271958
0.47	931.882366
0.48	934.399808
0.49	935.832100
0.50	936.183107
0.51	935.452658
0.52	933.636535
0.53	930.726563
0.54	926.710879
0.55	921.574276
0.56	915.298684
0.57	907.863739
0.58	899.247442
0.59	889.426887
0.60	878.379052
0.61	866.081635
0.62	852.513911
0.63	837.657622
0.64	821.497855
0.65	804.023926
0.66	785.230237
0.67	765.117107
0.68	743.692405
0.69	720.978352
0.70	697.013472
0.71	671.844714
0.72	645.527441
0.73	618.128000
0.74	589.724122
0.75	560.405194
0.76	530.272327
0.77	499.437880
0.78	468.024872
0.79	436.167545
0.80	404.020069
0.81	371.828940
0.82	339.872684
0.83	308.376123
0.84	277.535864
0.85	247.526928
0.86	218.506320
0.87	190.613263
0.88	163.986578
0.89	138.794875
0.90	115.208259
0.91	93.395464
0.92	73.522339
0.93	55.749315
0.94	40.228020
0.95	27.097273
0.96	16.478394
0.97	8.469780
0.98	3.137727
0.99	0.524764
1.00	0.667386
