0.00	0.000000
0.01	1.091638
0.02	4.439676
0.03	9.997583
0.04	17.704771
0.05	27.511715
0.06	39.313377
0.07	53.021523
0.08	68.545843
0.09	85.789736
0.10	104.641822
0.11	124.980491
0.12	146.664971
0.13	169.559136
0.14	193.519204
0.15	218.397873
0.16	244.047775
0.17	270.329821
0.18	297.100792
0.19	324.211122
0.20	351.523191
0.21	378.922637
0.22	406.292263
0.23	433.503003
0.24	460.436800
0.25	486.980438
0.26	513.024289
0.27	538.467570
0.28	563.211473
0.29	587.182772
0.30	610.304972
0.31	632.516105
0.32	653.767497
0.33	674.009217
0.34	693.197912
0.35	711.295751
0.36	728.267358
0.37	744.081391
0.38	758.710701
0.39	772.139721
0.40	784.362655
0.41	795.379141
0.42	805.194506
0.43	813.814006
0.44	821.253233
0.45	827.530499
0.46	832.666119
0.47	836.681038
0.48	839.596032
0.49	841.430395
0.50	842.201913
0.51	841.927011
0.52	840.621155
0.53	838.297850
0.54	834.966801
0.55	830.635421
0.56	825.310095
0.57	818.995949
0.58	811.695736
0.59	803.408588
0.60	794.132013
0.61	783.861521
0.62	772.589612
0.63	760.309830
0.64	747.014193
0.65	732.702904
0.66	717.382633
0.67	701.059799
0.68	683.743301
0.69	665.447265
0.70	646.196837
0.71	626.035415
0.72	605.028353
0.73	583.247646
0.74	560.764861
0.75	537.646089
0.76	513.967126
0.77	489.821023
0.78	465.305341
0.79	440.527541
0.80	415.601701
0.81	390.638736
0.82	365.763734
0.83	341.103869
0.84	316.792076
0.85	292.969743
0.86	269.766336
0.87	247.305415
0.88	225.723458
0.89	205.142444
0.90	185.681347
0.91	167.459338
0.92	150.585578
0.93	135.157907
0.94	121.246611
0.95	108.911039
0.96	98.203654
0.97	89.166149
0.98	81.820452
0.99	76.170009
1.00	72.201532
