0.00	0.000000
0.01	1.088238
0.02	4.511968
0.03	10.211678
0.04	18.084126
0.05	28.048741
0.06	40.025358
0.07	53.919226
0.08	69.623179
0.09	87.035691
0.10	106.043650
0.11	126.524589
0.12	148.344710
0.13	171.371876
0.14	195.467949
0.15	220.484896
0.16	246.270197
0.17	272.681020
0.18	299.571706
0.19	326.803160
0.20	354.259665
0.21	381.804273
0.22	409.295959
0.23	436.597141
0.24	463.613556
0.25	490.242447
0.26	516.394570
0.27	541.965792
0.28	566.861731
0.29	591.000170
0.30	614.301566
0.31	636.699318
0.32	658.135909
0.33	678.557654
0.34	697.917207
0.35	716.172757
0.36	733.284479
0.37	749.216813
0.38	763.945346
0.39	777.455231
0.40	789.736839
0.41	800.783810
0.42	810.583921
0.43	819.126955
0.44	826.405213
0.45	832.411246
0.46	837.154290
0.47	840.654019
0.48	842.938837
0.49	844.041487
0.50	843.996905
0.51	842.840208
0.52	840.606216
0.53	837.326451
0.54	833.028969
0.55	827.750566
0.56	821.526620
0.57	814.388599
0.58	806.363749
0.59	797.472846
0.60	787.736275
0.61	777.168568
0.62	765.775165
0.63	753.566224
0.64	740.553705
0.65	726.744410
0.66	712.140502
0.67	696.740520
0.68	680.539307
0.69	663.536154
0.70	645.733271
0.71	627.153803
0.72	607.846276
0.73	587.874898
0.74	567.293576
0.75	546.156657
0.76	524.526229
0.77	502.470891
0.78	480.062250
0.79	457.376658
0.80	434.494266
0.81	411.510258
0.82	388.515531
0.83	365.619636
0.84	342.941401
0.85	320.595310
0.86	298.698465
0.87	277.372517
0.88	256.734225
0.89	236.890612
0.90	217.928204
0.91	199.921719
0.92	182.960846
0.93	167.120612
0.94	152.485465
0.95	139.128257
0.96	127.107547
0.97	116.465779
0.98	107.243070
0.99	99.464970
1.00	93.143270
