0.00	0.000000
0.01	1.095790
0.02	4.444254
0.03	10.000864
0.04	17.736328
0.05	27.606020
0.06	39.523249
0.07	53.381906
0.08	69.054112
0.09	86.427419
0.10	105.375611
0.11	125.761997
0.12	147.445564
0.13	170.277771
0.14	194.104552
0.15	218.777106
0.16	244.151431
0.17	270.082916
0.18	296.428852
0.19	323.047589
0.20	349.814323
0.21	376.614092
0.22	403.321652
0.23	429.822271
0.24	456.016334
0.25	481.806636
0.26	507.096199
0.27	531.788808
0.28	555.802050
0.29	579.062417
0.30	601.506530
0.31	623.079995
0.32	643.732682
0.33	663.420589
0.34	682.107905
0.35	699.762838
0.36	716.356772
0.37	731.870476
0.38	746.287184
0.39	759.588852
0.40	771.755351
0.41	782.784104
0.42	792.675299
0.43	801.430047
0.44	809.051271
0.45	815.543497
0.46	820.913929
0.47	825.168241
0.48	828.311138
0.49	830.349386
0.50	831.289590
0.51	831.136146
0.52	829.894508
0.53	827.571364
0.54	824.172993
0.55	819.701941
0.56	814.159807
0.57	807.548630
0.58	799.874492
0.59	791.142187
0.60	781.356458
0.61	770.522783
0.62	758.648135
0.63	745.741425
0.64	731.813626
0.65	716.873829
0.66	700.935155
0.67	684.022224
0.68	666.166947
0.69	647.401698
0.70	627.762382
0.71	607.287755
0.72	586.030846
0.73	564.052765
0.74	541.422761
0.75	518.217417
0.76	494.525423
0.77	470.435124
0.78	446.040822
0.79	421.446618
0.80	396.763216
0.81	372.105448
0.82	347.589082
0.83	323.334673
0.84	299.468316
0.85	276.133581
0.86	253.463135
0.87	231.581740
0.88	210.622871
0.89	190.709280
0.90	171.955176
0.91	154.476653
0.92	138.394378
0.93	123.822544
0.94	110.847531
0.95	99.543175
0.96	89.964732
0.97	82.162450
0.98	76.180834
0.99	72.037281
1.00	69.743335
