0.00	0.000000
0.01	1.105452
0.02	4.507511
0.03	10.188997
0.04	18.113464
0.05	28.209865
0.06	40.388590
0.07	54.560218
0.08	70.605782
0.09	88.396007
0.10	107.785837
0.11	128.633804
0.12	150.801637
0.13	174.148644
0.14	198.524695
0.15	223.779158
0.16	249.763104
0.17	276.322282
0.18	303.313064
0.19	330.595530
0.20	358.029406
0.21	385.488451
0.22	412.852761
0.23	439.996813
0.24	466.802354
0.25	493.159981
0.26	518.968264
0.27	544.132014
0.28	568.561828
0.29	592.184525
0.30	614.930624
0.31	636.744189
0.32	657.576004
0.33	677.384369
0.34	696.133881
0.35	713.798885
0.36	730.357863
0.37	745.792707
0.38	760.084497
0.39	773.227053
0.40	785.217725
0.41	796.058675
0.42	805.755216
0.43	814.314372
0.44	821.744072
0.45	828.053475
0.46	833.253009
0.47	837.350428
0.48	840.354030
0.49	842.271495
0.50	843.109195
0.51	842.872601
0.52	841.565108
0.53	839.189999
0.54	835.750380
0.55	831.249981
0.56	825.691838
0.57	819.075907
0.58	811.402504
0.59	802.673003
0.60	792.886388
0.61	782.042316
0.62	770.140687
0.63	757.180506
0.64	743.163805
0.65	728.095619
0.66	711.984520
0.67	694.842440
0.68	676.688111
0.69	657.555337
0.70	637.487886
0.71	616.536083
0.72	594.754232
0.73	572.198193
0.74	548.939748
0.75	525.057720
0.76	500.645533
0.77	475.798137
0.78	450.619106
0.79	425.215347
0.80	399.700113
0.81	374.196823
0.82	348.832344
0.83	323.738686
0.84	299.042935
0.85	274.878765
0.86	251.382033
0.87	228.690074
0.88	206.937513
0.89	186.260034
0.90	166.801832
0.91	148.685098
0.92	132.023351
0.93	116.929998
0.94	103.499053
0.95	91.815218
0.96	81.956752
0.97	73.982862
0.98	67.939101
0.99	63.853525
1.00	61.747234
