0.00	0.000000
0.01	1.335726
0.02	5.406502
0.03	12.177420
0.04	21.590279
0.05	33.558644
0.06	47.971767
0.07	64.698551
0.08	83.593691
0.09	104.501735
0.10	127.260522
0.11	151.703811
0.12	177.662929
0.13	204.968245
0.14	233.470786
0.15	263.034794
0.16	293.503435
0.17	324.702097
0.18	356.435393
0.19	388.482703
0.20	420.565398
0.21	452.427085
0.22	483.912968
0.23	514.884719
0.24	545.214605
0.25	574.786087
0.26	603.494251
0.27	631.245937
0.28	657.959599
0.29	683.564521
0.30	708.001340
0.31	731.221564
0.32	753.188290
0.33	773.875839
0.34	793.269036
0.35	811.361835
0.36	828.156995
0.37	843.662936
0.38	857.892520
0.39	870.862167
0.40	882.590960
0.41	893.099749
0.42	902.410284
0.43	910.544359
0.44	917.523014
0.45	923.365785
0.46	928.090038
0.47	931.710339
0.48	934.238043
0.49	935.680821
0.50	936.042454
0.51	935.322672
0.52	933.517154
0.53	930.617647
0.54	926.612183
0.55	921.485497
0.56	915.219425
0.57	907.793564
0.58	899.185859
0.59	889.373367
0.60	878.333037
0.61	866.042548
0.62	852.481169
0.63	837.630641
0.64	821.476063
0.65	804.006768
0.66	785.217180
0.67	765.107664
0.68	743.686918
0.69	720.977870
0.70	697.017461
0.71	671.852905
0.72	645.539851
0.73	618.144703
0.74	589.745209
0.75	560.430530
0.76	530.301548
0.77	499.470319
0.78	468.060568
0.79	436.207257
0.80	404.064892
0.81	371.882034
0.82	339.937333
0.83	308.453632
0.84	277.626759
0.85	247.631153
0.86	218.623342
0.87	190.742075
0.88	164.126745
0.89	138.945685
0.90	115.368916
0.91	93.565114
0.92	73.700078
0.93	55.934183
0.94	40.418988
0.95	27.293191
0.96	16.677901
0.97	8.671430
0.98	3.340184
0.99	0.728760
1.00	0.871674
