0.00	0.000000
0.01	1.336513
0.02	5.414184
0.03	12.193681
0.04	21.610895
0.05	33.577173
0.06	47.982471
0.07	64.696623
0.08	83.574847
0.09	104.462172
0.10	127.197064
0.11	151.613697
0.12	177.543918
0.13	204.824652
0.14	233.305093
0.15	262.842158
0.16	293.282278
0.17	324.451433
0.18	356.154879
0.19	388.172274
0.20	420.230020
0.21	452.070518
0.22	483.535725
0.23	514.487422
0.24	544.797887
0.25	574.350675
0.26	603.040815
0.27	630.774962
0.28	657.471169
0.29	683.059430
0.30	707.480317
0.31	730.685301
0.32	752.638203
0.33	773.313732
0.34	792.696559
0.35	810.780255
0.36	827.566397
0.37	843.063188
0.38	857.283389
0.39	870.243334
0.40	881.962036
0.41	892.460297
0.42	901.759832
0.43	909.882426
0.44	916.849138
0.45	922.679521
0.46	927.391021
0.47	930.998301
0.48	933.512801
0.49	934.942347
0.50	935.290887
0.51	934.558335
0.52	932.740576
0.53	929.829579
0.54	925.813628
0.55	920.677677
0.56	914.403866
0.57	906.972006
0.58	898.360319
0.59	888.546027
0.60	877.506305
0.61	865.219079
0.62	851.663848
0.63	836.822567
0.64	820.680528
0.65	803.227237
0.66	784.457271
0.67	764.371197
0.68	742.978836
0.69	720.303222
0.70	696.379415
0.71	671.253693
0.72	644.982355
0.73	617.631694
0.74	589.278977
0.75	560.013096
0.76	529.934917
0.77	499.156971
0.78	467.803191
0.79	436.008868
0.80	403.924297
0.81	371.798334
0.82	339.911796
0.83	308.485898
0.84	277.716261
0.85	247.777015
0.86	218.823945
0.87	190.996331
0.88	164.437262
0.89	139.309617
0.90	115.782638
0.91	94.024230
0.92	74.199392
0.93	56.467700
0.94	40.979881
0.95	27.873408
0.96	17.267847
0.97	9.261673
0.98	3.929056
0.99	1.319991
1.00	1.464476
