0.00	0.000000
0.01	1.165639
0.02	4.536290
0.03	10.106360
0.04	17.842979
0.05	27.674262
0.06	39.515216
0.07	53.291510
0.08	68.919393
0.09	86.285249
0.10	105.257011
0.11	125.701585
0.12	147.475886
0.13	170.447818
0.14	194.478353
0.15	219.422596
0.16	245.143135
0.17	271.502859
0.18	298.363936
0.19	325.591566
0.20	353.048417
0.21	380.608302
0.22	408.151548
0.23	435.561363
0.24	462.713804
0.25	489.482804
0.26	515.761706
0.27	541.440382
0.28	566.425092
0.29	590.634469
0.30	614.002925
0.31	636.480199
0.32	658.012310
0.33	678.550074
0.34	698.050288
0.35	716.473667
0.36	733.783286
0.37	749.948252
0.38	764.942589
0.39	778.746647
0.40	791.335259
0.41	802.698848
0.42	812.833478
0.43	821.732472
0.44	829.385617
0.45	835.791397
0.46	840.960702
0.47	844.912908
0.48	847.671151
0.49	849.258471
0.50	849.699662
0.51	849.017735
0.52	847.235339
0.53	844.373823
0.54	840.443295
0.55	835.458387
0.56	829.448989
0.57	822.441257
0.58	814.460872
0.59	805.526494
0.60	795.658731
0.61	784.871675
0.62	773.180814
0.63	760.599501
0.64	747.138682
0.65	732.800533
0.66	717.597013
0.67	701.541740
0.68	684.648902
0.69	666.939212
0.70	648.429747
0.71	629.149320
0.72	609.143899
0.73	588.471819
0.74	567.188359
0.75	545.360679
0.76	523.063091
0.77	500.368842
0.78	477.363138
0.79	454.137082
0.80	430.784715
0.81	407.403342
0.82	384.096454
0.83	360.981683
0.84	338.181600
0.85	315.802280
0.86	293.950217
0.87	272.729629
0.88	252.253956
0.89	232.632400
0.90	213.978433
0.91	196.388075
0.92	179.953546
0.93	164.771089
0.94	150.921421
0.95	138.475346
0.96	127.480401
0.97	117.973149
0.98	109.965616
0.99	103.474596
1.00	98.511489
