0.00	0.000000
0.01	1.094874
0.02	4.336804
0.03	9.743237
0.04	17.249118
0.05	26.782804
0.06	38.252398
0.07	51.571169
0.08	66.638117
0.09	83.352248
0.10	101.601544
0.11	121.277579
0.12	142.253609
0.13	164.380072
0.14	187.528508
0.15	211.570230
0.16	236.369934
0.17	261.789914
0.18	287.698984
0.19	313.970412
0.20	340.462556
0.21	367.052214
0.22	393.608594
0.23	419.991715
0.24	446.050249
0.25	471.694188
0.26	496.821661
0.27	521.352836
0.28	545.229770
0.29	568.384879
0.30	590.744669
0.31	612.245177
0.32	632.831567
0.33	652.451469
0.34	671.060894
0.35	688.621358
0.36	705.096623
0.37	720.450902
0.38	734.656070
0.39	747.692849
0.40	759.545887
0.41	770.191027
0.42	779.603054
0.43	787.774250
0.44	794.705036
0.45	800.405132
0.46	804.893023
0.47	808.194705
0.48	810.338009
0.49	811.350245
0.50	811.258776
0.51	810.091874
0.52	807.877507
0.53	804.639631
0.54	800.397864
0.55	795.173187
0.56	788.989053
0.57	781.874193
0.58	773.850590
0.59	764.938847
0.60	755.155160
0.61	744.523150
0.62	733.062020
0.63	720.779190
0.64	707.688322
0.65	693.802470
0.66	679.130141
0.67	663.675853
0.68	647.441070
0.69	630.429045
0.70	612.642193
0.71	594.087466
0.72	574.781409
0.73	554.781053
0.74	534.154800
0.75	512.970633
0.76	491.306310
0.77	469.248060
0.78	446.879150
0.79	424.300961
0.80	401.611579
0.81	378.901740
0.82	356.269719
0.83	333.811312
0.84	311.632673
0.85	289.847032
0.86	268.583043
0.87	247.964031
0.88	228.108359
0.89	209.122233
0.90	191.095752
0.91	174.103582
0.92	158.224398
0.93	143.546172
0.94	130.150777
0.95	118.096810
0.96	107.425475
0.97	98.172566
0.98	90.369675
0.99	84.028079
1.00	79.149858
