0.00	0.000000
0.01	1.197016
0.02	4.640757
0.03	10.260792
0.04	17.988513
0.05	27.803115
0.06	39.650225
0.07	53.447882
0.08	69.111406
0.09	86.518588
0.10	105.555477
0.11	126.094991
0.12	148.009670
0.13	171.164288
0.14	195.410083
0.15	220.603880
0.16	246.608520
0.17	273.285094
0.18	300.502886
0.19	328.129402
0.20	356.039306
0.21	384.091940
0.22	412.157019
0.23	440.104353
0.24	467.800815
0.25	495.120694
0.26	521.960380
0.27	548.212922
0.28	573.768276
0.29	598.543019
0.30	622.475610
0.31	645.497716
0.32	667.541263
0.33	688.546440
0.34	708.465600
0.35	727.256829
0.36	744.890565
0.37	761.339640
0.38	776.579099
0.39	790.589649
0.40	803.358147
0.41	814.866146
0.42	825.095759
0.43	834.046205
0.44	841.716142
0.45	848.116509
0.46	853.262502
0.47	857.167629
0.48	859.856311
0.49	861.355818
0.50	861.693877
0.51	860.898609
0.52	858.997279
0.53	856.016227
0.54	851.980763
0.55	846.913918
0.56	840.830593
0.57	833.745752
0.58	825.681469
0.59	816.648359
0.60	806.675722
0.61	795.789449
0.62	783.993751
0.63	771.300710
0.64	757.729329
0.65	743.289573
0.66	727.990495
0.67	711.840362
0.68	694.845764
0.69	677.011478
0.70	658.347741
0.71	638.870315
0.72	618.635895
0.73	597.710934
0.74	576.165205
0.75	554.080197
0.76	531.528926
0.77	508.584015
0.78	485.334175
0.79	461.867716
0.80	438.271148
0.81	414.642543
0.82	391.087025
0.83	367.717141
0.84	344.647751
0.85	321.991374
0.86	299.863467
0.87	278.385006
0.88	257.651627
0.89	237.781777
0.90	218.877890
0.91	201.051934
0.92	184.399039
0.93	169.008101
0.94	154.941965
0.95	142.252457
0.96	130.984642
0.97	121.192677
0.98	112.897814
0.99	106.104068
1.00	100.820650
