0.00	0.000000
0.01	1.173394
0.02	4.566796
0.03	10.139185
0.04	17.819691
0.05	27.547701
0.06	39.279156
0.07	52.966512
0.08	68.525550
0.09	85.861222
0.10	104.859585
0.11	125.393866
0.12	147.338385
0.13	170.561521
0.14	194.921089
0.15	220.266317
0.16	246.457631
0.17	273.346206
0.18	300.792584
0.19	328.661045
0.20	356.815003
0.21	385.118560
0.22	413.439590
0.23	441.650076
0.24	469.626948
0.25	497.261290
0.26	524.441257
0.27	551.053252
0.28	576.998757
0.29	602.199800
0.30	626.571038
0.31	650.030900
0.32	672.502694
0.33	693.931551
0.34	714.263882
0.35	733.447858
0.36	751.454777
0.37	768.265248
0.38	783.855616
0.39	798.201158
0.40	811.284695
0.41	823.096000
0.42	833.624625
0.43	842.871986
0.44	850.838697
0.45	857.522315
0.46	862.936090
0.47	867.096000
0.48	870.014363
0.49	871.713810
0.50	872.218844
0.51	871.554838
0.52	869.745650
0.53	866.815166
0.54	862.787255
0.55	857.683853
0.56	851.525750
0.57	844.334037
0.58	836.132546
0.59	826.937365
0.60	816.759017
0.61	805.620886
0.62	793.542985
0.63	780.540251
0.64	766.615637
0.65	751.774779
0.66	736.036103
0.67	719.416001
0.68	701.925097
0.69	683.573676
0.70	664.379316
0.71	644.362562
0.72	623.555059
0.73	602.013475
0.74	579.812956
0.75	557.042854
0.76	533.778765
0.77	510.096134
0.78	486.079539
0.79	461.816481
0.80	437.398672
0.81	412.928949
0.82	388.505422
0.83	364.231753
0.84	340.240537
0.85	316.662777
0.86	293.622053
0.87	271.246966
0.88	249.654558
0.89	228.964233
0.90	209.284404
0.91	190.705559
0.92	173.319544
0.93	157.235402
0.94	142.535418
0.95	129.284262
0.96	117.552601
0.97	107.409719
0.98	98.893317
0.99	92.023583
1.00	86.807988
