0.00	0.000000
0.01	1.156450
0.02	4.516612
0.03	10.059881
0.04	17.724482
0.05	27.429493
0.06	39.108253
0.07	52.698408
0.08	68.136301
0.09	85.315818
0.10	104.140498
0.11	124.498494
0.12	146.262253
0.13	169.300228
0.14	193.471757
0.15	218.633826
0.16	244.644025
0.17	271.348734
0.18	298.610203
0.19	326.292562
0.20	354.261556
0.21	382.389709
0.22	410.559406
0.23	438.647086
0.24	466.523731
0.25	494.063420
0.26	521.144683
0.27	547.652833
0.28	573.479358
0.29	598.526772
0.30	622.722175
0.31	645.996628
0.32	668.294708
0.33	689.568716
0.34	709.784907
0.35	728.901655
0.36	746.879511
0.37	763.690344
0.38	779.295995
0.39	793.672433
0.40	806.809484
0.41	818.693798
0.42	829.320216
0.43	838.694519
0.44	846.821549
0.45	853.708738
0.46	859.368692
0.47	863.817962
0.48	867.074059
0.49	869.155851
0.50	870.083595
0.51	869.877589
0.52	868.556834
0.53	866.139768
0.54	862.642977
0.55	858.081359
0.56	852.467420
0.57	845.809759
0.58	838.117947
0.59	829.399518
0.60	819.654404
0.61	808.881132
0.62	797.078995
0.63	784.253512
0.64	770.418101
0.65	755.586189
0.66	739.766960
0.67	722.975172
0.68	705.219935
0.69	686.521656
0.70	666.908539
0.71	646.410689
0.72	625.098632
0.73	603.050353
0.74	580.331088
0.75	557.004736
0.76	533.145937
0.77	508.836364
0.78	484.172952
0.79	459.262698
0.80	434.209350
0.81	409.119412
0.82	384.106617
0.83	359.284656
0.84	334.788014
0.85	310.759840
0.86	287.326207
0.87	264.610983
0.88	242.734752
0.89	221.815398
0.90	201.954438
0.91	183.246215
0.92	165.777884
0.93	149.662947
0.94	134.979590
0.95	121.785621
0.96	110.149279
0.97	100.130565
0.98	91.768844
0.99	85.082841
1.00	80.096395
