0.00	0.000000
0.01	1.160073
0.02	4.535661
0.03	10.081659
0.04	17.709791
0.05	27.362231
0.06	38.954942
0.07	52.403087
0.08	67.622812
0.09	84.500701
0.10	102.921522
0.11	122.766637
0.12	143.901813
0.13	166.180775
0.14	189.464022
0.15	213.611829
0.16	238.486796
0.17	263.958059
0.18	289.894502
0.19	316.160265
0.20	342.624271
0.21	369.165795
0.22	395.667626
0.23	422.017643
0.24	448.108475
0.25	473.836320
0.26	499.097520
0.27	523.805568
0.28	547.879232
0.29	571.251534
0.30	593.854876
0.31	615.630581
0.32	636.522729
0.33	656.483905
0.34	675.474227
0.35	693.457844
0.36	710.398582
0.37	726.266398
0.38	741.031161
0.39	754.659746
0.40	767.127550
0.41	778.410721
0.42	788.505374
0.43	797.416028
0.44	805.144617
0.45	811.697673
0.46	817.086573
0.47	821.324760
0.48	824.425960
0.49	826.404718
0.50	827.275479
0.51	827.051441
0.52	825.745251
0.53	823.368639
0.54	819.933874
0.55	815.450930
0.56	809.929933
0.57	803.382019
0.58	795.815790
0.59	787.237704
0.60	777.653223
0.61	767.074176
0.62	755.514558
0.63	742.986873
0.64	729.504028
0.65	715.075578
0.66	699.716454
0.67	683.444607
0.68	666.276566
0.69	648.230174
0.70	629.326266
0.71	609.589815
0.72	589.052931
0.73	567.789697
0.74	545.887543
0.75	523.419011
0.76	500.464283
0.77	477.110759
0.78	453.454624
0.79	429.598230
0.80	405.645067
0.81	381.701641
0.82	357.887252
0.83	334.319244
0.84	311.112673
0.85	288.393403
0.86	266.296872
0.87	244.952999
0.88	224.488555
0.89	205.021283
0.90	186.667322
0.91	169.523182
0.92	153.688867
0.93	139.243999
0.94	126.267902
0.95	114.819872
0.96	104.952570
0.97	96.711542
0.98	90.116550
0.99	85.175604
1.00	81.893364
