0.00	0.000000
0.01	1.360753
0.02	5.316832
0.03	11.839591
0.04	20.878091
0.05	32.353040
0.06	46.160590
0.07	62.176619
0.08	80.261134
0.09	100.262600
0.10	122.021886
0.11	145.375599
0.12	170.166909
0.13	196.268190
0.14	223.548475
0.15	251.867528
0.16	281.075880
0.17	311.013531
0.18	341.507711
0.19	372.369842
0.20	403.391865
0.21	434.333459
0.22	464.924428
0.23	495.003736
0.24	524.448041
0.25	553.145352
0.26	580.994936
0.27	607.906210
0.28	633.800293
0.29	658.611951
0.30	682.288689
0.31	704.791499
0.32	726.091944
0.33	746.169596
0.34	765.011221
0.35	782.610046
0.36	798.964978
0.37	814.079816
0.38	827.962438
0.39	840.623992
0.40	852.078099
0.41	862.340071
0.42	871.426155
0.43	879.352821
0.44	886.136091
0.45	891.790925
0.46	896.330673
0.47	899.766595
0.48	902.107488
0.49	903.359360
0.50	903.525240
0.51	902.605065
0.52	900.595667
0.53	897.490895
0.54	893.281785
0.55	887.956860
0.56	881.502519
0.57	873.903492
0.58	865.143382
0.59	855.205285
0.60	844.072422
0.61	831.728870
0.62	818.160299
0.63	803.354750
0.64	787.303427
0.65	770.001507
0.66	751.448936
0.67	731.651232
0.68	710.620257
0.69	688.374955
0.70	664.942073
0.71	640.357472
0.72	614.669790
0.73	587.943710
0.74	560.258295
0.75	531.701323
0.76	502.371197
0.77	472.377872
0.78	441.842709
0.79	410.925439
0.80	379.883475
0.81	348.961583
0.82	318.368548
0.83	288.293407
0.84	258.909282
0.85	230.376510
0.86	202.844953
0.87	176.455433
0.88	151.339978
0.89	127.625285
0.90	105.465481
0.91	85.025126
0.92	66.465099
0.93	49.939294
0.94	35.590695
0.95	23.547075
0.96	13.916549
0.97	6.783268
0.98	2.203864
0.99	0.215326
1.00	0.849188
