0.00	0.000000
0.01	1.161580
0.02	4.522101
0.03	10.067556
0.04	17.784291
0.05	27.570340
0.06	39.326863
0.07	52.976625
0.08	68.436882
0.09	85.601083
0.10	104.342926
0.11	124.536612
0.12	146.040481
0.13	168.714438
0.14	192.424974
0.15	217.033764
0.16	242.407424
0.17	268.411240
0.18	294.906621
0.19	321.767975
0.20	348.868600
0.21	376.084828
0.22	403.289848
0.23	430.355934
0.24	457.155363
0.25	483.555954
0.26	509.443883
0.27	534.729392
0.28	559.346584
0.29	583.213621
0.30	606.256449
0.31	628.410685
0.32	649.627389
0.33	669.855094
0.34	689.045306
0.35	707.156042
0.36	724.152227
0.37	740.006669
0.38	754.690962
0.39	768.185160
0.40	780.472767
0.41	791.541355
0.42	801.379736
0.43	809.976112
0.44	817.321565
0.45	823.426197
0.46	828.307564
0.47	831.985911
0.48	834.482711
0.49	835.818358
0.50	836.013497
0.51	835.090245
0.52	833.069362
0.53	829.964541
0.54	825.799952
0.55	820.595630
0.56	814.370941
0.57	807.152966
0.58	798.965232
0.59	789.830431
0.60	779.769436
0.61	768.798670
0.62	756.932592
0.63	744.181144
0.64	730.552900
0.65	716.064118
0.66	700.726682
0.67	684.550562
0.68	667.547486
0.69	649.730310
0.70	631.113868
0.71	611.716106
0.72	591.560622
0.73	570.693714
0.74	549.207157
0.75	527.174565
0.76	504.680360
0.77	481.809521
0.78	458.652432
0.79	435.302788
0.80	411.856003
0.81	388.410878
0.82	365.082629
0.83	341.987024
0.84	319.229424
0.85	296.918450
0.86	275.174650
0.87	254.107900
0.88	233.827669
0.89	214.445265
0.90	196.093939
0.91	178.865003
0.92	162.837174
0.93	148.074032
0.94	134.660367
0.95	122.672052
0.96	112.154263
0.97	103.131894
0.98	95.636457
0.99	89.685286
1.00	85.270109
