0.00	0.000000
0.01	1.341538
0.02	5.252868
0.03	11.694899
0.04	20.604296
0.05	31.899888
0.06	45.478797
0.07	61.222143
0.08	78.999748
0.09	98.674992
0.10	120.107462
0.11	143.150945
0.12	167.654993
0.13	193.466220
0.14	220.428550
0.15	248.380544
0.16	277.158664
0.17	306.594011
0.18	336.501016
0.19	366.686878
0.20	396.967988
0.21	427.167627
0.22	457.118418
0.23	486.654059
0.24	515.622836
0.25	543.894047
0.26	571.358091
0.27	597.923543
0.28	623.515165
0.29	648.068936
0.30	671.531662
0.31	693.860113
0.32	715.020097
0.33	734.986182
0.34	753.740997
0.35	771.274018
0.36	787.580462
0.37	802.660783
0.38	816.519843
0.39	829.165749
0.40	840.609611
0.41	850.864859
0.42	859.945858
0.43	867.867499
0.44	874.644495
0.45	880.290764
0.46	884.818908
0.47	888.239751
0.48	890.561957
0.49	891.791753
0.50	891.932774
0.51	890.985810
0.52	888.948843
0.53	885.817153
0.54	881.583469
0.55	876.238249
0.56	869.770005
0.57	862.165722
0.58	853.411441
0.59	843.492733
0.60	832.395254
0.61	820.105703
0.62	806.612407
0.63	791.906190
0.64	775.980979
0.65	758.834989
0.66	740.471491
0.67	720.899632
0.68	700.134716
0.69	678.199640
0.70	655.125696
0.71	630.953545
0.72	605.734318
0.73	579.532599
0.74	552.425722
0.75	524.503527
0.76	495.874409
0.77	466.674083
0.78	437.044394
0.79	407.135435
0.80	377.105393
0.81	347.121002
0.82	317.360683
0.83	288.011483
0.84	259.263158
0.85	231.293601
0.86	204.269318
0.87	178.348700
0.88	153.684780
0.89	130.428586
0.90	108.724771
0.91	88.718203
0.92	70.553635
0.93	54.371712
0.94	40.306503
0.95	28.479032
0.96	18.992035
0.97	11.932127
0.98	7.365132
0.99	5.338013
1.00	5.866261
