0.00	0.000000
0.01	1.189124
0.02	4.618575
0.03	10.231863
0.04	17.981888
0.05	27.814664
0.06	39.648646
0.07	53.366406
0.08	68.877646
0.09	86.085333
0.10	104.874985
0.11	125.130439
0.12	146.704539
0.13	169.444898
0.14	193.211596
0.15	217.861105
0.16	243.247841
0.17	269.229618
0.18	295.676692
0.19	322.463299
0.20	349.453079
0.21	376.511309
0.22	403.505206
0.23	430.323126
0.24	456.851506
0.25	482.980779
0.26	508.601793
0.27	533.622646
0.28	557.969065
0.29	581.570492
0.30	604.357867
0.31	626.272060
0.32	647.256248
0.33	667.252719
0.34	686.216475
0.35	704.109411
0.36	720.896291
0.37	736.546425
0.38	751.034081
0.39	764.338629
0.40	776.437550
0.41	787.314695
0.42	796.964589
0.43	805.382664
0.44	812.566021
0.45	818.518025
0.46	823.252615
0.47	826.786652
0.48	829.139593
0.49	830.328329
0.50	830.369552
0.51	829.286944
0.52	827.100361
0.53	823.833191
0.54	819.514659
0.55	814.167653
0.56	807.821980
0.57	800.498727
0.58	792.224085
0.59	783.033242
0.60	772.953664
0.61	762.015819
0.62	750.242963
0.63	737.653974
0.64	724.271423
0.65	710.115432
0.66	695.203583
0.67	679.554145
0.68	663.182312
0.69	646.102554
0.70	628.331333
0.71	609.895158
0.72	590.831785
0.73	571.175921
0.74	550.975872
0.75	530.296463
0.76	509.212659
0.77	487.802161
0.78	466.145079
0.79	444.325481
0.80	422.429575
0.81	400.558071
0.82	378.814783
0.83	357.299477
0.84	336.119786
0.85	315.378222
0.86	295.170194
0.87	275.578396
0.88	256.687527
0.89	238.576056
0.90	221.331346
0.91	205.058444
0.92	189.845641
0.93	175.755172
0.94	162.857064
0.95	151.223335
0.96	140.909921
0.97	131.954956
0.98	124.384081
0.99	118.209585
1.00	113.419283
