0.00	0.000000
0.01	1.146352
0.02	4.461569
0.03	9.888440
0.04	17.388574
0.05	26.922576
0.06	38.421017
0.07	51.812743
0.08	67.026289
0.09	83.960775
0.10	102.503859
0.11	122.552229
0.12	143.990416
0.13	166.680308
0.14	190.484089
0.15	215.251758
0.16	240.838178
0.17	267.088586
0.18	293.863557
0.19	321.029220
0.20	348.457973
0.21	376.017418
0.22	403.580516
0.23	431.029857
0.24	458.239507
0.25	485.089318
0.26	511.457631
0.27	537.225001
0.28	562.296105
0.29	586.602992
0.30	610.083046
0.31	632.676140
0.32	654.320084
0.33	674.953386
0.34	694.527942
0.35	713.024725
0.36	730.419950
0.37	746.681971
0.38	761.784679
0.39	775.698687
0.40	788.398316
0.41	799.874854
0.42	810.121974
0.43	819.150886
0.44	826.974721
0.45	833.608413
0.46	839.069431
0.47	843.374576
0.48	846.540087
0.49	848.582366
0.50	849.517372
0.51	849.360245
0.52	848.125842
0.53	845.826864
0.54	842.475019
0.55	838.077903
0.56	832.642887
0.57	826.175877
0.58	818.681193
0.59	810.159537
0.60	800.604263
0.61	790.018591
0.62	778.402019
0.63	765.740957
0.64	752.047191
0.65	737.336748
0.66	721.622403
0.67	704.918750
0.68	687.244663
0.69	668.616242
0.70	649.074387
0.71	628.686421
0.72	607.512524
0.73	585.610470
0.74	563.037775
0.75	539.852514
0.76	516.128461
0.77	491.954056
0.78	467.429729
0.79	442.650529
0.80	417.724409
0.81	392.768653
0.82	367.905522
0.83	343.260577
0.84	318.961661
0.85	295.140584
0.86	271.934192
0.87	249.472622
0.88	227.875061
0.89	207.256472
0.90	187.709232
0.91	169.338688
0.92	152.253579
0.93	136.527376
0.94	122.241069
0.95	109.473711
0.96	98.284492
0.97	88.720402
0.98	80.839215
0.99	74.680794
1.00	70.249259
