0.00	0.000000
0.01	1.359908
0.02	5.318789
0.03	11.844638
0.04	20.884462
0.05	32.359049
0.06	46.164699
0.07	62.177461
0.08	80.257519
0.09	100.253501
0.10	122.006422
0.11	145.353177
0.12	170.138464
0.13	196.232733
0.14	223.505450
0.15	251.816439
0.16	281.016293
0.17	310.945160
0.18	341.430437
0.19	372.283689
0.20	403.297021
0.21	434.230407
0.22	464.813448
0.23	494.885028
0.24	524.321788
0.25	553.011161
0.26	580.851503
0.27	607.753312
0.28	633.639922
0.29	658.447842
0.30	682.124618
0.31	704.629166
0.32	725.931342
0.33	746.010537
0.34	764.853533
0.35	782.453580
0.36	798.809612
0.37	813.925460
0.38	827.809036
0.39	840.471526
0.40	851.926590
0.41	862.189578
0.42	871.276779
0.43	879.204697
0.44	885.989390
0.45	891.645848
0.46	896.187451
0.47	899.625490
0.48	901.968779
0.49	903.223350
0.50	903.392249
0.51	902.475431
0.52	900.469745
0.53	897.369053
0.54	893.164405
0.55	887.844340
0.56	881.395271
0.57	873.801945
0.58	865.047987
0.59	855.116502
0.60	843.990734
0.61	831.654783
0.62	818.094340
0.63	803.297473
0.64	787.255412
0.65	769.963360
0.66	751.421292
0.67	731.634755
0.68	710.615637
0.69	688.382908
0.70	664.963316
0.71	640.392940
0.72	614.721560
0.73	588.013416
0.74	560.345911
0.75	531.807344
0.76	502.496334
0.77	472.522812
0.78	442.008184
0.79	411.111476
0.80	380.089892
0.81	349.188480
0.82	318.616042
0.83	288.561554
0.84	259.198028
0.85	230.685690
0.86	203.174381
0.87	176.804839
0.88	151.708788
0.89	128.014008
0.90	105.873647
0.91	85.451879
0.92	66.909363
0.93	50.399758
0.94	36.065811
0.95	24.035043
0.96	14.415328
0.97	7.290624
0.98	2.719250
0.99	0.739811
1.00	1.377611
