0.00	0.000000
0.01	1.171681
0.02	4.564664
0.03	10.152837
0.04	17.864053
0.05	27.646259
0.06	39.483075
0.07	53.293089
0.08	68.974349
0.09	86.435243
0.10	105.564573
0.11	126.240258
0.12	148.331344
0.13	171.704931
0.14	196.219631
0.15	221.719224
0.16	248.040848
0.17	275.036809
0.18	302.568016
0.19	330.499613
0.20	358.703468
0.21	387.051858
0.22	415.414596
0.23	443.658032
0.24	471.645122
0.25	499.249249
0.26	526.356730
0.27	552.858802
0.28	578.660675
0.29	603.675912
0.30	627.833121
0.31	651.071352
0.32	673.328056
0.33	694.540729
0.34	714.657477
0.35	733.637317
0.36	751.455578
0.37	768.081112
0.38	783.489791
0.39	797.666820
0.40	810.595349
0.41	822.266127
0.42	832.678989
0.43	841.839365
0.44	849.761578
0.45	856.462630
0.46	861.960252
0.47	866.273428
0.48	869.420967
0.49	871.420986
0.50	872.290910
0.51	872.046640
0.52	870.702370
0.53	868.271584
0.54	864.766556
0.55	860.197673
0.56	854.572953
0.57	847.899447
0.58	840.179700
0.59	831.408432
0.60	821.593675
0.61	810.742276
0.62	798.864441
0.63	785.963318
0.64	772.037994
0.65	757.089571
0.66	741.134542
0.67	724.201271
0.68	706.303379
0.69	687.457982
0.70	667.691225
0.71	647.043054
0.72	625.571733
0.73	603.345399
0.74	580.434029
0.75	556.906529
0.76	532.838512
0.77	508.315177
0.78	483.429196
0.79	458.282402
0.80	432.977810
0.81	407.621407
0.82	382.324591
0.83	357.203830
0.84	332.383956
0.85	307.998190
0.86	284.186919
0.87	261.080017
0.88	238.805935
0.89	217.501718
0.90	197.289913
0.91	178.282705
0.92	160.587936
0.93	144.292338
0.94	129.457842
0.95	116.141439
0.96	104.418764
0.97	94.355501
0.98	86.001413
0.99	79.374735
1.00	74.480603
