0.00	0.000000
0.01	1.132713
0.02	4.401850
0.03	9.759449
0.04	17.148187
0.05	26.487591
0.06	37.696613
0.07	50.683409
0.08	65.349149
0.09	81.591033
0.10	99.308320
0.11	118.387358
0.12	138.693041
0.13	160.087778
0.14	182.448895
0.15	205.643899
0.16	229.545481
0.17	254.031794
0.18	278.971584
0.19	304.221350
0.20	329.649867
0.21	355.142108
0.22	380.593398
0.23	405.881029
0.24	430.895250
0.25	455.527332
0.26	479.705073
0.27	503.365150
0.28	526.434193
0.29	548.845716
0.30	570.534627
0.31	591.441009
0.32	611.504612
0.33	630.667576
0.34	648.882382
0.35	666.106609
0.36	682.300980
0.37	697.428167
0.38	711.453655
0.39	724.346712
0.40	736.082210
0.41	746.638127
0.42	755.989832
0.43	764.134167
0.44	771.070943
0.45	776.804507
0.46	781.351239
0.47	784.731434
0.48	786.967754
0.49	788.084773
0.50	788.107897
0.51	787.062598
0.52	784.976724
0.53	781.875213
0.54	777.783117
0.55	772.732245
0.56	766.748852
0.57	759.853719
0.58	752.073494
0.59	743.439789
0.60	733.977931
0.61	723.712902
0.62	712.662944
0.63	700.840427
0.64	688.264055
0.65	674.948539
0.66	660.904152
0.67	646.140941
0.68	630.664118
0.69	614.479780
0.70	597.598475
0.71	580.033275
0.72	561.800198
0.73	542.926537
0.74	523.464653
0.75	503.493364
0.76	483.095546
0.77	462.348285
0.78	441.337796
0.79	420.152680
0.80	398.871033
0.81	377.587642
0.82	356.399760
0.83	335.402284
0.84	314.697215
0.85	294.392413
0.86	274.600738
0.87	255.420037
0.88	236.943057
0.89	219.264086
0.90	202.476538
0.91	186.654025
0.92	171.823863
0.93	158.051690
0.94	145.418643
0.95	133.983675
0.96	123.778101
0.97	114.841239
0.98	107.208162
0.99	100.892250
1.00	95.906213
