0.00	0.000000
0.01	1.361957
0.02	5.333456
0.03	11.877158
0.04	20.931715
0.05	32.412516
0.06	46.214446
0.07	62.212321
0.08	80.267155
0.09	100.228851
0.10	121.940062
0.11	145.245851
0.12	169.998717
0.13	196.056490
0.14	223.282996
0.15	251.539574
0.16	280.677738
0.17	310.538002
0.18	340.947748
0.19	371.718164
0.20	402.638477
0.21	433.469017
0.22	463.977753
0.23	493.982797
0.24	523.355294
0.25	551.983263
0.26	579.766819
0.27	606.618375
0.28	632.462852
0.29	657.236706
0.30	680.886825
0.31	703.371337
0.32	724.658950
0.33	744.727870
0.34	763.563337
0.35	781.157673
0.36	797.509360
0.37	812.622027
0.38	826.503305
0.39	839.164116
0.40	850.617786
0.41	860.879359
0.42	869.964843
0.43	877.890502
0.44	884.672193
0.45	890.324756
0.46	894.861472
0.47	898.293593
0.48	900.629949
0.49	901.876577
0.50	902.036604
0.51	901.110224
0.52	899.094608
0.53	895.983954
0.54	891.769723
0.55	886.440908
0.56	879.984411
0.57	872.385498
0.58	863.628333
0.59	853.696570
0.60	842.574013
0.61	830.245304
0.62	816.696597
0.63	801.916427
0.64	785.896509
0.65	768.632485
0.66	750.124724
0.67	730.379075
0.68	709.407547
0.69	687.229554
0.70	663.873625
0.71	639.378180
0.72	613.793204
0.73	587.181390
0.74	559.617919
0.75	531.188362
0.76	501.990957
0.77	472.135967
0.78	441.747987
0.79	410.994206
0.80	380.108245
0.81	349.333181
0.82	318.880381
0.83	288.939566
0.84	259.683904
0.85	231.273157
0.86	203.856178
0.87	177.572179
0.88	152.553768
0.89	128.937659
0.90	106.870181
0.91	86.509640
0.92	68.014917
0.93	51.538068
0.94	37.220573
0.95	25.191105
0.96	15.560948
0.97	8.419270
0.98	3.834172
0.99	1.849597
1.00	2.481430
