0.00	0.000000
0.01	1.187565
0.02	4.622181
0.03	10.248301
0.04	17.979922
0.05	27.732563
0.06	39.434936
0.07	53.031661
0.08	68.409695
0.09	85.465483
0.10	104.108017
0.11	124.233033
0.12	145.720957
0.13	168.419880
0.14	192.193188
0.15	216.904349
0.16	242.415149
0.17	268.580525
0.18	295.262295
0.19	322.334935
0.20	349.671004
0.21	377.144728
0.22	404.625713
0.23	431.990189
0.24	459.104419
0.25	485.840243
0.26	512.089426
0.27	537.740777
0.28	562.703927
0.29	586.900299
0.30	610.253997
0.31	632.688462
0.32	654.136765
0.33	674.562725
0.34	693.925176
0.35	712.189769
0.36	729.324865
0.37	745.303565
0.38	760.100187
0.39	773.687668
0.40	786.040511
0.41	797.143300
0.42	806.989298
0.43	815.582670
0.44	822.923508
0.45	829.024455
0.46	833.898067
0.47	837.561515
0.48	840.038484
0.49	841.349271
0.50	841.517623
0.51	840.573404
0.52	838.544769
0.53	835.457867
0.54	831.339013
0.55	826.212876
0.56	820.101475
0.57	813.024147
0.58	804.997867
0.59	796.033908
0.60	786.130334
0.61	775.309168
0.62	763.596237
0.63	751.010067
0.64	737.557423
0.65	723.251650
0.66	708.104334
0.67	692.121154
0.68	675.302292
0.69	657.653689
0.70	639.194559
0.71	619.966789
0.72	600.026610
0.73	579.423381
0.74	558.209462
0.75	536.451260
0.76	514.228239
0.77	491.625099
0.78	468.728319
0.79	445.626331
0.80	422.414272
0.81	399.191512
0.82	376.060036
0.83	353.123271
0.84	330.495092
0.85	308.295790
0.86	286.646384
0.87	265.678181
0.88	245.497325
0.89	226.204561
0.90	207.885173
0.91	190.630458
0.92	174.517731
0.93	159.604419
0.94	145.973712
0.95	133.688080
0.96	122.812134
0.97	113.396704
0.98	105.478370
0.99	99.070620
1.00	94.184334
