0.00	0.000000
0.01	1.168122
0.02	4.561030
0.03	10.147746
0.04	17.869340
0.05	27.676238
0.06	39.495984
0.07	53.224929
0.08	68.728532
0.09	85.876977
0.10	104.534579
0.11	124.563302
0.12	145.825898
0.13	168.175318
0.14	191.473647
0.15	215.588999
0.16	240.383907
0.17	265.691138
0.18	291.366176
0.19	317.280507
0.20	343.304954
0.21	369.322348
0.22	395.223290
0.23	420.909468
0.24	446.288816
0.25	471.273080
0.26	495.772284
0.27	519.699415
0.28	542.976906
0.29	565.528348
0.30	587.285944
0.31	608.200775
0.32	628.236242
0.33	647.354321
0.34	665.520013
0.35	682.705298
0.36	698.885757
0.37	714.037911
0.38	728.140063
0.39	741.171320
0.40	753.121622
0.41	763.984322
0.42	773.755741
0.43	782.431220
0.44	790.006620
0.45	796.478422
0.46	801.844639
0.47	806.104127
0.48	809.253465
0.49	811.291912
0.50	812.219873
0.51	812.038505
0.52	810.748000
0.53	808.348819
0.54	804.841837
0.55	800.228223
0.56	794.510509
0.57	787.693343
0.58	779.782700
0.59	770.784136
0.60	760.705489
0.61	749.557615
0.62	737.353046
0.63	724.105695
0.64	709.836894
0.65	694.571500
0.66	678.336441
0.67	661.157114
0.68	643.077050
0.69	624.144961
0.70	604.410045
0.71	583.922224
0.72	562.736894
0.73	540.914917
0.74	518.521524
0.75	495.626342
0.76	472.309595
0.77	448.657569
0.78	424.760344
0.79	400.708985
0.80	376.603250
0.81	352.555502
0.82	328.688173
0.83	305.130540
0.84	282.009761
0.85	259.453537
0.86	237.595406
0.87	216.565407
0.88	196.483233
0.89	177.467115
0.90	159.637028
0.91	143.100077
0.92	127.961051
0.93	114.321874
0.94	102.269683
0.95	91.885793
0.96	83.239316
0.97	76.384872
0.98	71.359691
0.99	68.196785
1.00	66.908416
