0.00	0.000000
0.01	1.125066
0.02	4.417786
0.03	9.844229
0.04	17.329649
0.05	26.814510
0.06	38.254514
0.07	51.592637
0.08	66.740064
0.09	83.599080
0.10	102.055235
0.11	121.990109
0.12	143.285387
0.13	165.807991
0.14	189.413861
0.15	213.965327
0.16	239.317047
0.17	265.317378
0.18	291.823853
0.19	318.701856
0.20	345.830487
0.21	373.091061
0.22	400.359213
0.23	427.503104
0.24	454.385671
0.25	480.889714
0.26	506.924776
0.27	532.402547
0.28	557.222326
0.29	581.298501
0.30	604.556895
0.31	626.942340
0.32	648.400950
0.33	668.879751
0.34	688.329325
0.35	706.708987
0.36	723.982118
0.37	740.118127
0.38	755.090352
0.39	768.873664
0.40	781.436831
0.41	792.761662
0.42	802.838887
0.43	811.666083
0.44	819.251577
0.45	825.601624
0.46	830.729880
0.47	834.653609
0.48	837.390812
0.49	838.959128
0.50	839.380322
0.51	838.676340
0.52	836.868377
0.53	833.976704
0.54	830.020515
0.55	825.011581
0.56	818.961119
0.57	811.890072
0.58	803.821506
0.59	794.776664
0.60	784.774720
0.61	773.831792
0.62	761.950724
0.63	749.141855
0.64	735.415441
0.65	720.772290
0.66	705.230781
0.67	688.814665
0.68	671.544618
0.69	653.439991
0.70	634.518355
0.71	614.797359
0.72	594.320594
0.73	573.144839
0.74	551.330987
0.75	528.950832
0.76	506.086245
0.77	482.832260
0.78	459.283713
0.79	435.544643
0.80	411.717900
0.81	387.906100
0.82	364.216962
0.83	340.757197
0.84	317.637189
0.85	294.981844
0.86	272.904237
0.87	251.522077
0.88	230.959861
0.89	211.312837
0.90	192.687214
0.91	175.191009
0.92	158.921408
0.93	143.960072
0.94	130.377811
0.95	118.213888
0.96	107.524588
0.97	98.354554
0.98	90.736667
0.99	84.687660
1.00	80.205635
