0.00	0.000000
0.01	1.281121
0.02	5.011331
0.03	11.156840
0.04	19.664514
0.05	30.466587
0.06	43.477374
0.07	58.592835
0.08	75.698488
0.09	94.668409
0.10	115.362651
0.11	137.620227
0.12	161.273292
0.13	186.152095
0.14	212.086937
0.15	238.910442
0.16	266.450054
0.17	294.522083
0.18	322.957937
0.19	351.601059
0.20	380.302729
0.21	408.925673
0.22	437.336880
0.23	465.411298
0.24	493.030366
0.25	520.085619
0.26	546.477899
0.27	572.114615
0.28	596.911382
0.29	620.795279
0.30	643.709681
0.31	665.610449
0.32	686.461940
0.33	706.234109
0.34	724.902579
0.35	742.448069
0.36	758.856096
0.37	774.117240
0.38	788.225963
0.39	801.179657
0.40	812.977612
0.41	823.621548
0.42	833.113900
0.43	841.457868
0.44	848.658144
0.45	854.719662
0.46	859.647135
0.47	863.444123
0.48	866.113706
0.49	867.658073
0.50	868.078999
0.51	867.376472
0.52	865.548597
0.53	862.592284
0.54	858.503359
0.55	853.277103
0.56	846.909276
0.57	839.395122
0.58	830.729842
0.59	820.909989
0.60	809.931959
0.61	797.793031
0.62	784.491809
0.63	770.030334
0.64	754.414332
0.65	737.653743
0.66	719.762022
0.67	700.757392
0.68	680.665207
0.69	659.523079
0.70	637.380320
0.71	614.293777
0.72	590.327820
0.73	565.553427
0.74	540.051845
0.75	513.913991
0.76	487.231923
0.77	460.104463
0.78	432.638097
0.79	404.951978
0.80	377.168933
0.81	349.413165
0.82	321.823290
0.83	294.541441
0.84	267.723107
0.85	241.530375
0.86	216.131798
0.87	191.700565
0.88	168.408220
0.89	146.411231
0.90	125.860821
0.91	106.903021
0.92	89.684207
0.93	74.342899
0.94	60.991563
0.95	49.733525
0.96	40.655403
0.97	33.828468
0.98	29.303166
0.99	27.105336
1.00	27.241719
